Parameters used to generate the architecture:
rdynamics 1
capacity 1
replenish 2375
inflow 400
outflow 100
hsymmetry 0
ecosel 1.4
dispersal 0.01
birth 1
survival 0.8
sexsel 10
matingcost 0.01
ecoscale 5
demesizes 100 0 
nvertices 100 100 100 
nedges 1000 1000 1000 
nchrom 3
mutation 0.0001
recombination 3
allfreq 0.2
scaleA 1 1 1 
scaleD 0 0 0 
scaleI 0 0 0 
scaleE 0 0 0 
skews 1 1 1 
effectshape 1
effectscale 1
interactionshape 0.119
interactionscale 1
dominancevar 1
tburnin 10
tend 10
tsave 200
tfreeze 20001
talkative 0
record 0
datsave 0
choosewhattosave 0
gensave 0
archsave 1
archload 0
parsave 1
archfile arch1.txt
parfile paramlog.txt
orderfile whattosave.txt
logfile log.txt
freezerfile freezer.dat
locifile locivalues.dat
seed 1600941521207099073
ntrials 1000

Architecture:
chromosomes
0.333333 0.666667 1 
traits
0 1 1 2 2 1 0 1 2 2 1 2 2 1 2 0 0 1 0 0 1 0 0 2 0 2 1 2 1 0 1 0 1 2 1 0 0 2 2 2 1 2 1 0 0 0 2 0 0 0 0 2 0 0 0 2 2 0 1 0 0 1 2 0 1 0 2 0 2 0 0 2 1 0 2 2 2 0 2 0 2 1 0 0 1 2 2 2 0 1 1 1 0 0 1 0 1 0 1 1 0 1 2 0 2 1 1 1 1 0 0 0 0 1 1 0 2 2 2 0 2 1 2 2 1 0 2 0 2 2 1 2 1 0 2 0 1 1 1 2 2 1 1 0 2 1 1 1 1 2 1 0 2 1 1 1 1 0 2 2 0 2 1 1 0 2 2 2 0 1 2 1 1 2 1 0 1 0 2 2 1 1 1 2 1 2 0 2 2 0 0 1 1 0 1 0 0 1 0 1 2 0 0 0 2 2 2 1 0 1 1 2 0 2 0 1 2 1 2 2 1 0 2 1 1 2 1 0 0 1 2 2 2 2 1 2 0 2 1 2 0 1 0 0 0 2 2 1 0 0 0 2 1 1 1 2 0 0 2 2 1 1 2 1 0 1 1 0 2 1 2 0 1 1 2 0 0 2 2 2 1 1 2 0 0 1 0 2 2 2 0 0 0 2 1 0 1 1 2 0 
locations
0.00140123 0.00205532 0.00261205 0.00338927 0.0130928 0.0194924 0.0427625 0.0432393 0.0609514 0.0611241 0.0626052 0.0669661 0.0683794 0.0727702 0.0730446 0.0892385 0.0906319 0.0917829 0.0922437 0.0926606 0.0936509 0.094661 0.104841 0.107407 0.110879 0.118011 0.120754 0.121463 0.122374 0.125033 0.1292 0.132875 0.13567 0.139315 0.145723 0.153747 0.159885 0.164269 0.16427 0.169404 0.183791 0.184414 0.185172 0.186702 0.187222 0.188283 0.191324 0.192404 0.195037 0.19682 0.19863 0.199775 0.200198 0.205206 0.206456 0.209281 0.209325 0.215761 0.22237 0.227598 0.231361 0.23314 0.23338 0.234777 0.241547 0.243562 0.244691 0.249726 0.250129 0.250404 0.253444 0.255865 0.257737 0.261319 0.264377 0.269072 0.272381 0.278523 0.282017 0.284234 0.285895 0.288951 0.291287 0.296893 0.29834 0.30085 0.301808 0.305969 0.306461 0.307788 0.315791 0.318357 0.321691 0.32851 0.329008 0.336815 0.339476 0.339904 0.342957 0.345571 0.347388 0.349984 0.36804 0.368357 0.368546 0.368561 0.370339 0.370736 0.379333 0.383756 0.386878 0.39495 0.397686 0.397741 0.398352 0.400175 0.400994 0.401244 0.411737 0.417304 0.4224 0.437992 0.438376 0.442842 0.442867 0.445345 0.44987 0.457664 0.459998 0.461142 0.462003 0.462911 0.47018 0.479631 0.480358 0.487791 0.491793 0.494525 0.495288 0.496939 0.49839 0.500635 0.50309 0.508649 0.51103 0.514418 0.51958 0.520716 0.523507 0.541882 0.54325 0.546077 0.547004 0.547436 0.550946 0.55347 0.554912 0.561551 0.563288 0.567983 0.568657 0.569021 0.580441 0.581022 0.590126 0.590458 0.593359 0.595296 0.608717 0.609611 0.623746 0.62631 0.626606 0.634605 0.637178 0.638815 0.641779 0.642886 0.652351 0.655829 0.656029 0.658351 0.662452 0.673611 0.674474 0.681753 0.686078 0.695035 0.696712 0.698686 0.70595 0.707604 0.710295 0.714879 0.715006 0.720763 0.727687 0.728823 0.730811 0.732372 0.738854 0.739081 0.742494 0.744876 0.745248 0.749559 0.749668 0.752646 0.753646 0.759435 0.75949 0.76963 0.771758 0.774149 0.774433 0.777391 0.7787 0.78032 0.780917 0.781331 0.782155 0.78413 0.799385 0.804632 0.804916 0.811109 0.813726 0.815303 0.818941 0.824281 0.828121 0.831 0.831244 0.834934 0.835064 0.835312 0.8355 0.83787 0.839716 0.841747 0.842953 0.843304 0.845789 0.846133 0.851663 0.854424 0.8545 0.859994 0.860326 0.86116 0.867228 0.868352 0.87466 0.88046 0.883975 0.884405 0.885087 0.886769 0.89623 0.897795 0.903843 0.9043 0.904988 0.90564 0.909062 0.910986 0.917774 0.91808 0.920253 0.923089 0.923664 0.928663 0.932857 0.933059 0.934093 0.937438 0.939063 0.955155 0.957603 0.957707 0.957899 0.961075 0.961287 0.966128 0.969369 0.972829 0.974309 0.977894 0.980029 0.980523 0.980798 0.984699 0.986256 0.988866 0.991327 0.992778 0.993206 0.996993 0.997755 0.99875 
effects
0.00358257 0.0152898 -0.0553347 0.00744393 -0.207401 0.0121937 0.0338647 0.113355 0.116363 0.0509473 -0.0486851 0.0380073 0.0335631 -0.037293 -0.126619 -7.20129e-05 0.000554175 0.021108 -0.00817895 0.0736833 0.0311877 0.0197033 0.00275288 -0.189137 -0.0350903 0.0498983 0.119255 -0.00160242 0.0496791 -0.33128 0.0290374 0.019489 -0.0192489 -0.0227357 -0.00992148 -0.00351346 -0.101864 -0.0281352 0.0482669 -0.0540971 -0.0702544 0.0136073 0.0485446 0.00455365 -0.00259591 -0.129269 0.108378 -0.00163484 -0.0328924 0.147393 0.213374 -0.0410175 0.0665626 0.0160006 -0.0143549 0.0630548 0.186024 -0.0593464 0.0141001 0.130782 -0.0170952 -0.0336867 0.0847306 0.0986851 -0.202979 -0.074903 -0.0884344 -0.085503 0.0253933 -0.0528992 -0.0539707 -0.121639 -0.0116536 -0.0286652 -0.0146097 0.0354521 -0.00877589 0.299966 -0.0238875 0.0310043 -0.0104692 0.0505421 -0.0140155 0.00075969 -0.031985 0.0589049 -0.000387663 0.0265045 0.0443598 -0.0342658 0.00614753 0.0186397 -0.00473364 -0.0658919 -0.105738 0.0156194 -0.0093403 0.0292776 -0.077898 0.037031 0.00509572 0.0738144 0.0568067 -0.0361069 0.0252111 0.135566 0.0160922 0.00471836 -0.0472637 0.0874387 0.253357 0.117188 -0.0862003 -0.107573 0.112623 0.0170931 0.0283387 0.0145296 0.163845 -0.123452 0.0142989 -0.0621494 0.0322378 -0.0466148 0.0927307 -0.0132745 0.142587 -0.00564694 -0.0100258 -0.0245022 -0.0149988 -0.0841343 -0.141719 0.0677822 -0.0618497 -0.0242102 -0.00953974 -0.0225941 0.0692021 -0.0193668 0.069106 -0.0306654 -0.306756 0.00979806 -0.0206642 0.0721803 -0.0691779 -0.163795 0.120722 -0.0608953 0.0578592 -0.0903162 -0.0134591 -0.0131057 0.0409111 0.105628 -0.033829 -0.0832133 -0.0932346 0.0969524 0.182548 0.0013566 -0.311861 -0.222781 -0.0499268 -0.113195 -0.0381385 -0.188511 -0.100311 0.0620054 -0.0966064 0.134447 -0.00569882 0.0185996 0.0133648 0.249461 -0.0836038 -0.259597 0.00276663 -0.0360718 -0.0176798 -0.103773 0.16674 0.0858942 -0.122355 0.355568 -0.0326166 -0.0378525 0.0276757 0.0421692 -0.114934 -0.0227056 -0.0572565 -0.0689735 0.082526 -0.0550141 0.0100015 -0.000341848 0.159376 0.126091 -0.0770094 0.171536 0.0196183 0.0938029 0.14361 -0.165389 0.229546 -0.141798 -0.0591575 0.0232519 -0.0105968 -0.203275 0.052531 -0.137125 0.154389 0.0329173 0.158294 -0.001778 0.0892718 -0.0725521 -0.115541 -0.0222118 0.278427 0.0102507 0.0457817 0.348306 0.0350016 0.0513632 0.115404 -0.0445487 -0.0601503 -0.0115191 0.0785886 0.0484824 0.0333426 0.0226408 -0.0209861 0.0681322 -0.00762672 0.150035 0.0138681 -0.056804 -0.146734 -0.114356 0.0166215 -0.0872108 0.104999 -0.0231901 -0.112818 0.00714988 -0.0172979 -0.0753084 0.0322926 -0.0376956 0.0811899 -0.0264112 -0.000904414 0.0465012 0.0576615 0.0275547 -0.0945534 -0.0236208 -0.0462117 -0.00713028 -0.045759 -0.0380551 -0.32043 -0.0305979 -0.0465218 -0.201219 -0.000417095 -0.0938405 0.0208767 -0.0442563 0.0344927 -0.00646153 -0.122566 0.0516497 -6.33626e-05 -0.0537035 -0.132066 0.193833 -0.019746 0.0302595 0.0194763 0.00764007 0.0839948 -0.0423598 0.0816229 -0.00363641 0.0501146 -0.0304949 -0.304654 0.0519 -0.0705972 0.0348939 0.32627 0.00024773 0.0376779 -0.0930238 
dominances
0.0310789 0.145093 0.0166781 0.113873 0.0559152 0.0409675 0.0458677 0.0257923 0.101019 0.101969 0.00606685 0.109905 0.0478648 0.0422131 0.038617 0.0966701 0.0136007 0.0557968 0.044263 0.111433 0.00191894 0.00880786 0.0214296 0.0414125 0.0279851 0.326169 0.219887 0.0407893 0.0304532 0.0921415 0.0835867 0.149147 0.032254 0.0761004 0.204046 0.0574297 0.092852 0.0544481 0.00250026 0.109202 0.0307636 0.00506239 0.121976 0.08295 0.106739 0.00502392 0.0976202 0.102721 0.111203 0.0959118 0.0768389 0.110717 0.154892 0.191327 0.0896964 0.0620024 0.0804832 0.0586988 0.261069 0.0704552 0.187349 0.0982906 0.0225438 0.096758 0.00762096 0.0200416 0.0294466 0.125949 0.227562 0.200235 0.147012 0.290831 0.0981309 0.063485 0.0452388 0.0478102 0.0228245 0.217704 0.124466 0.0519257 0.24772 0.114532 0.00138983 0.0917644 0.0867991 0.00361361 0.0184693 0.0775446 0.0863192 0.104346 0.0764261 0.0921371 0.00321576 0.0720001 0.0603149 0.00264572 0.0148694 0.0464784 0.0914833 0.0120135 0.126213 0.0417305 0.0476596 0.0407213 0.0356032 0.026662 0.165198 0.0587162 0.0394036 0.0599791 0.00246133 0.0081146 0.000284313 0.174354 0.062987 0.10611 0.039372 0.0481693 0.166105 0.0373691 0.000834594 0.0277147 0.0378391 0.016507 0.207451 0.104037 0.17644 0.118121 0.0717376 0.0966717 0.0815982 0.0557585 0.0782496 0.0799324 0.0689425 0.0926288 0.103987 0.0283403 0.00601784 0.0493429 0.0254451 0.177114 0.00391115 0.27425 0.0628592 0.0921261 0.0655538 0.153915 0.0402964 0.0349883 0.0368791 0.108043 0.184436 0.174064 0.163177 0.00150654 0.222529 0.149179 0.0855074 0.106726 0.0711183 0.0656227 0.0940318 0.127563 0.214178 0.068595 0.151471 0.0470724 0.00470431 0.108869 0.108949 0.0286103 0.102681 0.0919417 0.0701924 0.117496 0.0939877 0.105556 0.106718 0.0482939 0.0548071 0.0269136 0.154159 0.112899 0.099838 0.0759271 0.0896676 0.0710363 0.12987 0.0819001 0.00585729 0.0140246 0.114733 0.134871 0.0807071 0.203886 0.0854389 0.00506315 0.157594 0.0410315 0.0459155 0.00119454 0.0205864 0.0751616 0.0345649 0.0644476 0.0719447 0.0684458 0.0353267 0.136636 0.111257 0.0545648 0.1109 0.0727197 0.0896052 0.028103 0.044182 0.0936842 0.121092 0.0266963 0.0538985 0.00861949 0.0307597 0.0564829 0.10699 0.128894 0.0251349 0.0855021 0.0697994 0.189656 0.184923 0.0624187 0.118305 0.0099095 0.143682 0.0640416 0.115865 0.0904836 0.0982103 0.0180574 0.0856807 0.133848 0.000661206 0.061197 0.0486572 0.00904774 0.0844308 0.012577 0.152992 0.0534593 0.107474 0.0231491 0.0648115 0.0449967 0.0847924 0.0978302 0.0969802 0.025667 0.0532446 0.146302 0.0779274 0.00299565 0.111639 0.0103609 0.106867 0.0947669 0.0443208 0.190653 0.0325852 0.136009 0.010687 0.0290888 0.086025 0.0186388 0.0798227 0.0921427 0.0750654 0.107451 0.221842 0.0931979 0.0429768 0.0303563 0.0545653 0.200354 0.0393871 0.207381 0.0582679 0.11767 0.125723 0.00402098 0.0671156 0.0177475 0.00395218 0.0667941 0.111457 0.0547985 0.0837241 0.0727986 0.10258 0.0133364 

network 0 1000
edges0
6 22 6 54 22 6 22 6 54 257 54 22 6 257 186 18 22 186 257 54 6 6 18 54 22 242 257 186 22 242 186 18 49 54 257 6 22 49 6 186 97 257 18 242 54 22 135 6 97 54 257 22 18 54 242 135 97 49 299 186 257 6 22 135 195 299 18 186 242 49 49 54 242 186 6 97 195 18 257 103 299 135 18 186 103 54 135 257 97 22 49 242 47 299 195 135 195 257 299 22 109 186 97 49 18 6 135 257 18 286 97 54 109 299 186 195 242 97 103 47 54 135 49 195 6 299 109 54 29 186 195 6 49 18 47 195 49 97 257 18 54 6 109 103 299 49 103 195 97 186 44 6 135 257 242 54 49 22 109 47 18 186 242 195 47 18 6 286 109 97 186 44 22 242 97 47 186 202 109 127 0 242 54 295 109 44 22 299 49 109 257 18 127 195 135 22 22 49 299 0 88 195 271 47 29 295 242 103 54 202 22 18 54 49 286 271 109 103 164 49 143 127 88 79 6 186 295 109 54 22 195 103 29 47 22 242 257 49 164 44 0 88 135 109 103 257 186 49 79 284 242 54 186 127 49 193 143 21 18 135 271 49 109 112 186 79 127 47 143 22 257 143 47 29 164 21 195 242 109 18 112 127 257 79 299 103 109 286 195 284 97 49 0 52 299 22 135 242 286 195 54 88 202 236 29 21 49 143 193 186 22 299 195 97 242 21 286 6 109 257 271 49 103 29 202 109 22 151 186 195 44 193 135 295 54 22 43 202 6 49 257 242 21 193 286 29 202 291 186 109 143 16 256 49 127 0 257 195 49 43 0 54 195 6 22 202 109 97 103 193 195 256 151 186 44 127 63 70 18 47 242 49 193 6 43 151 143 143 257 135 299 164 227 47 112 29 6 186 286 16 54 186 21 97 54 18 47 6 242 195 227 286 257 21 6 52 195 63 43 22 193 44 135 6 299 109 295 286 16 242 186 127 236 291 97 151 22 257 97 195 242 164 0 112 43 88 256 143 127 29 109 299 195 208 236 242 88 21 291 49 243 257 88 186 249 49 299 103 21 164 22 243 18 271 79 52 88 257 127 21 135 18 275 164 63 22 242 47 127 295 164 202 286 193 249 22 299 88 16 271 52 109 243 186 22 0 212 109 256 36 195 275 195 186 201 47 242 21 97 127 52 49 16 249 236 50 143 15 202 83 97 299 36 186 49 18 202 36 65 257 242 291 248 6 271 88 249 52 286 242 47 44 49 22 16 284 193 103 202 109 70 63 47 295 127 243 275 299 44 52 271 186 49 22 97 36 243 22 22 151 290 212 299 135 127 284 249 97 175 236 243 6 228 256 54 143 186 151 63 6 228 79 29 0 15 54 43 0 286 88 201 6 284 135 18 186 256 257 22 195 49 109 295 164 186 212 6 157 143 151 228 18 143 186 50 195 44 103 257 79 45 228 18 242 290 97 195 0 186 88 49 249 22 271 186 70 21 31 88 195 290 103 22 29 52 49 193 54 127 164 49 103 52 127 47 70 63 112 0 208 177 242 110 43 44 299 29 47 97 52 295 79 186 195 18 256 49 177 135 228 286 22 256 31 271 186 257 49 44 196 135 6 248 44 16 195 6 36 186 242 79 256 257 109 157 242 201 111 151 6 19 0 6 271 164 198 65 93 193 284 195 271 151 79 103 18 242 202 175 195 49 103 284 151 256 79 18 177 275 77 88 189 248 47 49 221 256 256 168 111 36 257 103 95 151 186 198 29 112 6 284 243 195 208 135 29 92 79 257 193 242 177 6 228 31 21 186 286 208 16 127 18 119 111 112 119 16 242 290 45 52 299 73 189 177 177 19 52 18 45 227 186 109 97 143 151 44 168 79 168 193 82 243 208 111 295 257 249 264 168 196 45 164 202 19 36 135 67 195 60 79 236 93 256 111 135 109 228 73 243 286 53 284 15 65 195 193 127 186 103 198 15 221 151 175 49 22 45 43 63 286 79 249 227 208 19 103 271 49 275 202 100 244 100 29 193 127 15 291 212 236 52 44 63 275 195 244 49 70 196 109 22 271 292 299 143 112 79 63 193 52 79 186 286 195 103 214 60 256 54 201 257 195 19 43 21 291 0 97 202 54 49 6 135 47 70 208 109 18 236 125 83 299 243 271 157 264 54 95 133 49 249 88 228 127 275 21 47 195 243 190 70 249 186 202 43 69 286 49 275 36 242 208 65 212 257 57 22 111 63 214 43 160 100 271 193 257 157 276 256 
edges1
22 54 54 257 257 257 186 186 186 186 18 18 18 18 18 242 242 242 242 242 242 49 49 49 49 49 49 49 97 97 97 97 97 97 97 97 135 135 135 135 135 135 135 135 135 299 299 299 299 299 299 195 195 195 195 195 195 195 195 195 195 195 103 103 103 103 103 103 103 103 47 47 47 47 47 47 47 47 47 47 47 47 109 109 109 109 109 109 109 109 109 109 109 109 109 286 286 286 286 286 286 286 286 286 286 286 202 202 202 202 202 202 202 202 202 202 202 29 29 29 29 29 29 29 29 29 29 88 88 88 88 88 88 88 44 44 44 44 44 44 44 44 44 44 44 0 0 0 0 0 0 0 127 127 127 127 127 127 127 127 127 127 295 295 295 295 295 295 295 295 295 79 79 79 79 79 79 79 79 79 164 164 164 164 164 164 164 164 271 271 271 271 271 271 271 271 284 284 284 284 284 284 284 284 284 284 284 284 284 143 143 143 143 143 143 143 143 143 143 193 193 193 193 193 193 193 193 193 193 193 193 193 193 193 21 21 21 21 21 21 21 21 21 291 291 291 291 291 291 112 112 112 112 112 112 112 112 112 112 112 112 52 52 52 52 52 52 52 52 52 52 151 151 151 151 151 151 151 151 151 151 151 256 256 256 256 256 256 256 256 236 236 236 236 236 236 236 236 236 236 236 236 63 63 63 63 63 63 63 63 63 63 43 43 43 43 43 43 43 43 43 43 43 43 43 83 83 83 83 70 70 70 70 70 70 70 70 70 16 16 16 16 16 16 16 16 16 16 16 227 227 227 227 227 227 227 227 227 208 208 208 208 208 208 208 208 208 243 243 243 243 243 243 243 243 243 243 243 196 196 196 196 196 196 196 196 196 15 15 15 15 15 15 15 15 15 15 15 15 15 15 248 248 248 248 248 248 248 248 248 249 249 249 249 249 249 249 249 249 249 249 50 50 50 50 50 50 50 50 50 50 50 50 50 50 36 36 36 36 36 36 36 36 36 36 36 36 36 36 36 110 110 110 110 110 110 110 110 110 110 110 275 275 275 275 275 275 275 275 275 275 275 275 275 275 175 175 175 175 175 175 175 175 175 175 175 175 175 212 212 212 212 212 212 212 212 115 115 115 115 115 115 115 115 115 115 201 201 201 201 201 201 65 65 65 65 65 65 65 65 65 65 65 65 177 177 177 177 177 177 177 177 177 177 177 177 228 228 228 228 228 228 228 228 228 228 228 290 290 290 290 290 290 290 290 290 290 290 157 157 157 157 157 157 157 157 157 157 157 157 157 157 157 157 100 100 100 100 189 189 189 189 189 189 189 189 189 189 189 189 189 189 189 189 189 189 168 168 168 168 168 168 168 168 168 45 45 45 45 45 45 45 45 45 45 45 45 45 45 45 45 93 93 93 93 93 93 93 93 93 93 119 119 119 119 119 119 119 119 119 119 119 31 31 31 31 31 31 31 31 31 31 31 31 35 35 35 35 35 35 35 111 111 111 111 111 111 111 111 111 198 198 198 198 198 198 198 198 198 198 198 19 19 19 19 19 19 19 19 19 19 19 19 19 19 19 19 19 250 250 250 250 250 250 92 92 92 92 92 92 92 92 77 77 77 77 77 77 77 77 95 95 95 95 95 95 95 95 95 95 69 69 69 69 69 69 69 69 69 69 69 264 264 264 264 264 264 264 221 221 221 221 221 221 221 60 60 60 60 60 60 60 60 60 60 60 60 73 73 73 73 73 73 73 73 73 73 73 73 73 67 67 67 67 67 67 67 67 67 67 67 67 67 59 59 59 59 59 59 59 59 59 59 59 59 82 82 82 82 82 82 82 82 82 82 283 283 283 283 283 283 53 53 53 53 53 53 53 53 57 57 57 57 57 57 57 244 244 244 244 244 244 244 244 244 244 244 244 244 244 244 292 292 292 292 292 292 292 292 292 292 292 292 292 292 292 292 292 276 276 276 276 276 276 276 276 276 276 276 276 276 276 276 214 214 214 214 214 214 214 214 214 214 267 267 267 267 267 267 133 133 133 133 133 133 133 133 133 240 240 240 240 240 240 240 240 240 240 240 190 190 190 190 190 190 190 190 190 190 190 190 190 125 125 125 125 125 125 125 125 125 125 125 125 125 125 125 125 125 160 160 160 160 160 160 160 160 160 160 160 160 160 160 160 160 160 48 48 48 48 48 48 48 48 48 48 48 24 24 24 24 24 24 24 24 24 24 24 24 24 24 24 203 203 203 203 203 203 203 203 
weights
-0.00488522 -0.00237227 0.00166786 -0.00184778 0.0403911 0.000454746 -1.76518e-05 0.030313 -0.0214831 1.10006e-08 0.000365398 -1.22526e-05 0.0114818 1.16934e-19 0.00018413 -0.000580734 7.82477e-13 0.0202088 -2.72955e-06 -7.4497e-06 7.17554e-06 1.93614e-06 -0.00361464 -0.0131253 -6.17867e-05 -7.15068e-06 -3.31944e-10 -0.0499188 -0.000232233 -2.31013e-08 0.0478703 0.000379179 -0.00344271 -1.38209e-13 5.13397e-08 0.0404603 0.0231559 -1.10089e-07 8.64324e-11 0.00303981 -0.00039092 3.08999e-06 0.000758689 0.000242507 -0.0081681 -0.0599079 -0.000104042 -0.00842243 0.0886367 -4.79825e-08 -0.0601687 -0.0280711 -0.00954925 0.0535141 9.42718e-10 3.08299e-07 -0.00363221 -0.00383723 1.62022e-08 -0.0306531 -5.29774e-05 -9.06402e-05 -0.000589326 -4.62004e-07 -0.0280773 4.05254e-05 -2.82575e-06 4.39246e-08 -0.0169171 7.12699e-10 -0.00124528 -4.8521e-06 -0.0397506 1.02766e-08 -0.00115174 0.0333318 -1.53568e-07 -0.000119329 -1.0403e-05 1.23999e-07 -7.71431e-12 0.000641517 -1.07588e-05 -0.000200175 1.31922e-10 0.000135948 -0.000243235 -0.00041802 -6.34277e-08 -1.10325e-05 3.43481e-06 -5.65475e-08 -1.10776e-08 -1.41529e-08 -0.00327979 5.81562e-05 0.00318863 0.000214384 -6.18376e-05 0.000165841 1.46581e-09 -0.00848255 -0.00108513 -0.000271141 0.00107573 -7.37061e-05 0.00655574 0.115036 0.00216279 1.73901e-16 0.00300226 0.0129973 1.78742e-08 -0.0152617 -1.17538e-05 -0.000466822 -0.00130899 -0.000211473 1.46763e-09 -1.62867e-09 8.73289e-13 -0.0157477 -0.127206 3.24434e-06 -2.57604e-05 4.18508e-08 -0.0027418 -1.12704e-11 0.0797747 0.0218957 0.00268519 -1.70737e-12 -0.151534 -0.00966318 0.000214158 -0.00555239 0.00602065 -0.00229223 0.00173645 1.15173e-09 0.00877808 -0.000567274 0.00286148 6.9642e-05 -2.94176e-06 -6.40586e-06 -0.0455815 0.0323968 4.54122e-14 0.000480674 7.14773e-06 -9.61118e-07 -0.000473652 0.00399688 -4.01895e-05 9.50533e-10 -6.2865e-13 0.0125702 3.65677e-09 0.0467237 0.000256053 7.69939e-13 -0.00352622 -7.22069e-05 0.00100734 0.000189987 -2.33847e-09 1.3375e-15 0.0215008 -5.813e-07 -2.77378e-05 4.1851e-07 0.00110755 -7.24118e-08 -2.08115e-06 5.95481e-06 -0.00472205 0.00456326 -4.29692e-07 -0.000356361 0.000219336 -0.000268536 -0.135848 -0.00121849 -8.02989e-08 -0.000464951 3.08322e-06 5.84707e-05 1.91421e-05 -2.72706e-06 -0.00325023 -1.90591e-08 6.81084e-11 -0.00252213 -0.0119611 -0.00829645 0.00164644 0.00780796 0.000150862 -0.000222835 -0.00336508 0.00540086 8.15881e-07 2.3267e-06 -9.74459e-11 1.70547e-05 0.0054415 0.00165677 0.0878541 1.35841e-06 0.000491019 -1.30536e-10 0.00130263 7.71283e-07 7.74891e-14 -2.00429e-10 1.14181e-06 -0.0001159 -0.00715118 1.36308e-05 -2.05786e-15 0.000461706 -0.00265339 0.000105585 2.94983e-07 3.24529e-06 0.0101684 0.00036995 -0.0257133 0.00618431 -0.0408904 1.78271e-06 -2.24456e-07 -0.00888659 -0.000124353 -0.000216714 -3.81471e-06 2.75424e-10 0.00038079 -4.6938e-09 -9.63035e-07 6.03248e-07 0.00044156 -0.000713187 7.70018e-07 -0.0118287 -0.00181132 -6.16704e-05 -1.12428e-06 8.31683e-06 0.0132953 0.0400636 -0.00158913 -1.00042e-05 3.36521e-06 -0.0593723 -0.0341944 -2.30479e-08 -0.000240221 5.73894e-07 8.86615e-07 -0.000388565 3.51114e-06 0.00274333 -0.00226193 -6.28516e-06 0.010997 -6.60054e-11 0.000382568 -0.0010119 3.89987e-05 0.000335233 1.98508e-07 0.000276496 1.12836e-12 2.47663e-07 -0.134494 -2.53398e-06 1.20571e-10 0.00512837 2.10115e-08 -0.0645803 -3.62634e-06 1.48708e-08 0.00305093 -1.6417e-05 0.00833886 0.0336532 0.0800087 0.000109798 -5.02901e-07 -3.50359e-06 -0.0114851 -0.000149082 5.80264e-23 -0.000195635 0.000993989 -9.43194e-07 -1.9554e-07 2.19346e-23 -0.000575238 -3.23714e-06 -2.85923e-15 -0.0156553 0.00241427 -2.76847e-05 7.17411e-06 3.42535e-17 6.45269e-08 -5.93177e-13 2.98487e-06 -1.58055e-05 -4.24542e-05 -4.22654e-06 0.0150669 3.27639e-05 -7.12516e-07 0.0222524 1.17414e-05 2.22346e-08 -8.83485e-06 -0.0550605 1.34938e-07 4.10321e-06 -7.84911e-12 0.000188538 0.00140768 1.35287e-11 0.00253116 -0.0351 -9.76453e-09 -1.69219e-13 9.0878e-07 8.91118e-05 -0.00400966 4.95775e-05 0.0170504 -5.93095e-10 4.44263e-05 -0.00241828 -0.00420349 -2.60086e-05 -1.64961e-05 0.000625579 -0.00680943 9.95321e-05 3.47226e-05 -0.0490377 -0.00912519 0.00990083 1.52024e-08 -0.000440611 0.000227078 4.77124e-05 -0.00572261 -0.00911107 6.58155e-05 0.00320387 1.86539e-09 0.00357408 -5.80869e-05 -1.9791e-08 -0.00134683 2.40525e-05 1.71289e-05 0.00181614 0.000492025 0.0182199 0.0391617 -1.40894e-05 -2.13594e-06 0.00810219 0.0146768 0.00315968 9.05213e-05 0.00623816 -0.00213064 0.000318763 -2.68578e-06 -3.96611e-05 0.000647496 -0.000171929 -0.000479266 8.78757e-06 0.00658742 -0.0770143 0.0174254 -2.7322e-05 1.93468e-07 -0.000343285 -0.000414209 -0.0225808 -1.67709e-07 0.0130407 0.017972 1.38915e-09 -2.83382e-07 0.075444 -3.23439e-11 -1.83243e-05 -0.0129804 -0.00111331 -0.012486 -0.00158084 0.127762 6.81728e-08 -0.00238274 -3.48384e-11 1.38655e-14 -0.00464214 -2.09172e-05 2.73266e-07 -0.0142697 0.0222991 -1.58765e-08 0.000392531 4.02356e-08 1.08606e-06 -1.39065e-17 -3.16499e-10 -2.07378e-07 0.0182217 8.68349e-05 0.000270609 0.0359907 -0.00147887 0.00144039 -0.00029797 -0.000417097 0.0206484 0.00766919 0.00205252 -0.0852022 -0.062587 0.00259567 -1.35889e-06 -3.79401e-08 -1.26099e-06 1.41993e-07 0.000726413 1.3692e-09 -1.28688e-05 4.17826e-05 -4.30593e-05 -0.0559452 -0.000140709 0.00215517 -0.0193208 -0.0311114 5.96588e-08 -0.011725 0.00409296 -0.00946461 1.27742e-06 -2.6502e-05 -0.00264608 0.000195035 -1.07439e-06 3.66337e-06 -7.81429e-05 6.91672e-10 -0.00227848 0.0257786 2.17824e-09 -5.42344e-05 -3.18138e-08 5.40566e-05 -1.41108e-07 -1.5746e-07 2.59417e-05 -0.0937286 -0.0162823 -1.89666e-06 -3.87035e-05 -7.95599e-05 -7.317e-06 -0.0699321 0.0380735 0.0049306 -0.0284715 -0.00913783 0.000220793 0.00249464 1.78108e-07 -0.00347421 9.34182e-08 1.93091e-15 -3.68179e-06 -0.05838 -0.000550703 6.11114e-06 -1.84082e-06 -8.09749e-07 -1.05104e-07 -7.28943e-07 -0.00567886 0.250145 0.00108519 -9.75178e-11 7.13536e-07 3.18694e-08 -1.19849e-09 1.29797e-13 -5.60901e-06 -1.15328e-05 0.0481958 0.00134678 6.45272e-12 0.00301589 -0.000100186 -0.0598201 -1.19392e-05 -0.000942746 0.00997813 1.24365e-07 1.25937e-09 -9.4363e-07 -3.64537e-08 0.0651876 0.00190252 -0.0643212 -1.10034e-13 -0.00184735 0.150216 -3.55952e-05 0.0107353 -0.0104087 -6.55057e-06 0.0181927 -5.73323e-17 -5.30246e-07 0.00106594 1.59926e-05 -0.0250369 0.00441292 0.000278132 -5.98933e-07 9.21381e-08 -0.000381985 0.000264881 -0.0339632 -0.0671996 -0.00837478 0.0121535 -0.0499417 0.0152571 -0.102468 1.25816e-06 -2.03073e-06 -0.00057201 -0.000268653 -0.00372061 -0.0156124 0.0260859 7.44944e-11 0.0074899 1.30764e-05 -0.0488706 0.0230355 0.006997 0.000160541 -1.09129e-05 -6.10239e-09 1.15514e-11 -1.19973e-11 -0.00209644 9.4849e-05 0.00425643 -0.0327343 -1.00206e-06 5.6796e-14 -3.05716e-12 -3.72005e-06 4.96744e-15 -0.0457332 -5.50225e-06 0.00561923 -6.91235e-05 1.38599e-06 -0.00987772 1.02244e-05 -0.000575378 -4.5641e-08 2.31712e-07 -1.21707e-06 0.00455944 0.000358104 -0.00133207 0.0685091 0.00368306 -4.28659e-06 0.000833458 5.71034e-07 -0.0158789 9.77567e-05 -1.24831e-07 0.00382816 1.24224e-18 -3.80726e-22 -0.0116218 -9.80671e-08 -7.84747e-13 -7.66486e-05 0.000338879 1.0109e-18 0.000360061 -0.0368363 -0.031906 -0.0371624 -2.7226e-08 -4.37066e-12 0.000455394 -1.18299e-16 8.85597e-05 -5.50828e-27 0.00569864 0.00760332 0.0310296 0.000585005 -0.00328714 8.57605e-07 -9.77669e-07 -4.08502e-05 0.0130175 -1.37577e-05 -3.71217e-07 4.59655e-09 -0.00651975 -3.55597e-05 -5.37733e-18 -0.000738562 3.02802e-07 -5.1499e-06 4.324e-08 1.31834e-08 -0.00378048 -1.62116e-09 -4.31906e-09 0.00800576 0.00824909 0.0673445 -0.00690284 0.0332438 1.11475e-05 0.000547672 0.0127217 8.244e-05 -1.42899e-05 -0.036748 4.08044e-06 6.75984e-18 -0.0270625 -1.4854e-08 1.0217e-07 -0.0160672 9.3669e-08 0.00297375 2.04761e-06 -3.6689e-08 0.0167529 -0.00235382 -1.77179e-13 2.00036e-05 0.000176703 0.00561421 -2.89949e-06 0.0114654 9.31881e-15 -0.000105984 -0.108393 -0.000771508 6.98267e-11 1.18755e-05 -0.0900834 1.65721e-05 -1.53566e-07 0.00952923 -0.1076 -2.66084e-11 -0.00032418 0.00565252 -0.00144134 -0.0576548 1.26647e-14 2.55529e-12 -0.000258034 -0.00233216 9.93278e-14 2.33498e-06 -0.0899107 2.55892e-07 -0.106993 9.83458e-07 0.000189176 -0.010905 6.48802e-09 -0.554127 0.00376796 -0.000209258 -0.0921214 -0.00128794 -0.0397278 0.0127563 -8.57955e-05 0.000130978 3.01866e-07 1.40354e-07 -0.00477704 -1.04113e-11 1.45253e-07 -1.38388e-06 -0.00426957 -6.44364e-09 1.47814e-11 -0.000467467 -0.00558174 1.68263e-07 -1.09566e-05 1.9926e-13 0.000394327 -0.0383936 -0.0174629 -0.0283026 2.94842e-07 3.16329e-05 -0.00630884 0.000231921 0.000266935 -2.03941e-07 6.33119e-13 0.0627665 0.000775575 1.48536e-08 -0.153277 -4.11109e-10 -5.4583e-13 -1.0926e-09 0.000282502 -1.33206e-14 2.48945e-06 0.000421257 0.00053686 -0.0198453 0.000591771 0.0849602 -6.08885e-05 -0.000619212 0.018292 -9.54062e-07 1.89238e-05 -0.0105891 3.2949e-11 1.4711e-08 0.104924 1.85104e-15 0.169104 -0.029311 7.72656e-13 0.00565882 -0.00467444 3.28324e-05 0.00128071 0.0172046 -0.00354163 -8.16126e-12 -0.00527075 -0.0129212 -1.05715e-06 -0.0226599 0.00235936 -0.00362883 1.20028e-05 -2.72944e-10 1.01887e-05 -8.98476e-06 -0.000216486 -0.000408319 -0.00288201 -6.9893e-06 -0.000275039 -0.00428356 -0.00919577 0.0022937 0.0115515 0.00366812 -3.03168e-10 1.52047e-07 3.36178e-06 0.00102554 -0.000838592 2.90071e-06 -0.00386004 0.000112856 -4.93064e-07 1.17278e-05 0.00628606 -0.000173619 0.0152215 -1.05765e-05 0.000265645 -1.25387e-07 5.90345e-07 8.35071e-05 0.0788822 1.29243e-13 -0.0753544 6.2637e-09 -1.62974e-10 6.01996e-05 -1.95611e-05 3.09261e-12 -0.0737066 2.83557e-17 -0.000456379 1.71818e-06 0.00919932 -0.00288067 -0.00437983 0.0312436 -1.20606e-07 -0.000891788 -2.75098e-08 0.0302512 9.42073e-07 -5.11334e-19 -0.0152771 -0.0115165 -0.00461583 0.00545987 2.99098e-08 -0.000356576 1.31395e-17 -0.00173384 -2.04181e-05 6.5523e-06 0.000370641 -1.67413e-08 -1.25466e-12 0.182199 0.026065 -3.64005e-15 8.9088e-17 1.30288e-06 -2.11396e-09 -1.42358e-05 9.23756e-06 7.7999e-05 0.00216446 -0.0116272 -0.00470095 -0.0400003 0.000135489 -1.09462e-07 0.0249751 -2.22968e-07 0.000327012 0.00130367 -0.00576993 -0.0839008 -0.0052885 -1.36457e-11 -5.66688e-11 3.54597e-06 -0.0954088 -3.65729e-10 0.00069239 -7.50329e-06 -0.00907463 -1.01358e-08 -1.79209e-07 -6.12062e-05 0.00263823 -4.60346e-07 -1.95112e-10 0.0211552 -2.06783e-08 0.00196946 6.51224e-09 -0.0749758 0.00159893 8.49873e-05 -9.46521e-06 6.47038e-10 -6.88811e-09 -0.00684808 -3.87293e-05 0.000366653 -0.00253201 -1.47002e-11 0.00827141 6.83847e-16 -0.0103608 3.59144e-05 2.19694e-10 -0.00201515 -1.51147e-05 -0.0192849 5.84701e-11 -7.88224e-07 5.23127e-05 8.34605e-06 0.0105071 4.59029e-10 -3.94159e-05 7.21851e-07 -8.00112e-05 -2.35379e-17 0.125291 1.2079e-12 -0.0224748 0.0146973 -0.0750873 0.0225429 -0.00364962 0.00238807 0.000977682 4.22723e-06 1.45941e-13 -0.0181263 -6.90852e-07 3.34722e-06 7.09379e-05 3.75123e-14 -0.000158116 3.96097e-10 0.00539649 0.00403371 4.26024e-19 7.19522e-07 7.02322e-06 0.00165459 9.74739e-09 -1.09792e-07 0.0493804 -7.28035e-09 0.000206691 -4.44224e-07 -7.58808e-05 -0.00945393 0.0145021 2.18776e-08 2.09637e-06 -2.40943e-09 1.4402e-06 0.0159831 3.98822e-15 -1.52765e-05 0.000717726 -8.47178e-10 -4.90966e-05 0.000842418 -1.16182e-06 1.10538e-09 -2.30876e-06 -4.94585e-09 -0.0214503 -0.00283354 0.0556947 0.00116192 3.50968e-08 -6.77013e-05 -4.36084e-05 8.07379e-08 -7.05456e-17 0.0504268 -0.00506983 0.00188628 -0.0002689 -0.000174983 -0.0830208 -0.00351127 -0.0604229 -0.0112811 -0.00574003 -4.24131e-12 6.83269e-08 1.47929e-08 -0.000431113 4.97533e-05 0.00026761 -0.000159249 0.0317509 -6.35267e-08 0.00461794 -0.00164184 0.0069978 -0.00171253 0.000134249 -0.000641285 0.00206943 0.000735987 0.179935 0.000961468 0.00105942 -0.0168846 -0.00477148 5.19858e-10 1.42848e-07 -9.58559e-07 -0.00248651 

network 1 1000
edges0
13 297 13 261 13 297 260 13 297 261 260 261 13 191 297 191 260 297 261 13 89 13 226 261 89 191 297 260 234 191 13 89 260 297 226 261 265 260 191 89 234 226 297 13 261 261 265 184 13 226 234 260 265 89 234 192 191 261 260 184 297 13 226 260 226 265 13 192 261 89 191 155 234 184 297 191 297 261 184 260 89 226 192 96 297 226 265 234 89 261 192 191 260 96 226 260 209 184 297 156 261 96 89 265 191 234 192 226 163 184 261 192 96 191 297 106 192 89 13 156 261 226 96 184 265 192 156 234 265 226 261 184 260 209 163 13 141 297 89 155 106 191 96 96 156 184 234 261 260 13 106 13 260 297 89 207 261 192 184 96 155 106 226 260 163 261 234 89 155 184 106 13 209 261 207 138 163 96 156 226 138 96 106 261 163 297 89 226 155 13 64 142 260 234 297 138 96 89 156 191 145 192 209 280 138 163 141 207 89 90 260 261 155 96 234 226 297 192 13 64 207 89 209 261 265 226 154 234 145 96 156 184 297 280 142 89 155 226 297 106 156 260 64 145 13 90 184 260 297 163 261 192 141 280 20 261 155 156 234 106 141 265 192 261 234 297 13 226 238 61 106 209 184 90 209 64 261 265 154 234 141 207 163 155 226 297 96 261 90 138 265 13 61 145 138 209 207 192 155 226 297 13 90 142 20 96 297 64 176 106 260 90 163 138 156 155 145 61 142 184 261 5 184 156 20 238 265 163 191 142 297 96 172 261 234 90 207 260 191 145 96 163 209 40 238 156 176 155 106 141 261 260 90 184 96 20 297 226 192 145 191 13 184 30 163 155 226 280 61 261 215 191 261 238 61 260 192 154 64 138 226 184 191 106 138 209 215 226 13 234 297 89 163 156 261 234 215 89 156 13 297 30 163 226 162 184 176 261 141 209 207 155 13 5 191 172 215 163 64 141 90 155 20 176 61 297 172 238 96 234 184 64 61 13 172 30 238 261 89 223 272 223 191 229 261 96 180 150 13 272 163 20 153 280 297 138 162 209 234 142 138 261 153 184 226 260 163 13 285 238 132 223 40 272 297 145 155 156 226 153 156 192 199 191 96 154 155 84 297 30 162 13 209 229 89 141 61 156 5 154 162 90 96 265 153 260 238 13 155 96 272 61 30 172 20 280 163 272 238 265 26 176 247 30 184 106 226 280 234 96 64 90 107 163 229 13 265 163 260 234 64 96 234 90 155 192 207 138 13 26 261 297 96 226 90 84 162 30 280 265 142 261 89 184 223 285 174 153 142 26 145 184 260 89 297 247 172 156 223 191 89 96 234 150 13 226 107 192 64 261 184 265 154 137 163 150 13 153 90 280 199 172 106 13 141 34 260 223 138 199 5 252 20 156 64 280 26 261 142 89 285 13 194 260 163 155 260 106 272 238 34 192 280 223 209 141 13 61 153 90 223 266 13 26 20 145 64 138 58 13 229 172 163 209 26 155 192 142 238 184 96 260 176 192 191 194 247 297 265 174 297 184 209 138 153 96 2 238 260 280 265 13 247 176 150 64 215 89 153 226 145 155 261 137 96 297 141 252 226 247 215 247 223 13 163 34 58 137 280 263 81 254 61 121 207 280 234 153 174 226 285 184 207 234 96 13 163 261 98 223 155 141 247 106 153 215 142 61 64 2 84 223 13 226 154 265 98 223 150 91 106 261 138 156 260 261 272 162 137 252 61 281 107 106 145 142 153 141 34 209 10 101 297 153 96 137 84 184 20 34 98 223 106 98 147 247 141 297 234 180 108 124 272 172 192 285 265 106 64 89 58 192 224 265 226 20 234 81 209 96 238 184 42 137 153 30 174 297 96 156 84 13 107 2 184 191 99 172 155 162 226 162 137 30 156 90 132 238 2 265 64 20 191 90 261 113 215 272 226 13 26 297 96 234 64 106 61 10 260 297 155 192 42 13 238 184 294 207 252 238 84 150 226 94 191 96 281 184 174 156 162 106 5 10 138 223 142 297 176 199 13 106 124 265 280 106 26 247 163 153 137 108 141 174 207 148 64 32 156 155 90 272 209 192 163 124 81 58 162 96 28 174 138 266 192 184 224 90 155 260 285 114 84 34 280 297 64 107 124 223 156 26 121 99 13 199 154 252 171 30 141 238 96 241 209 114 5 156 17 81 280 58 261 234 172 64 281 150 142 107 61 238 272 156 229 199 156 294 32 192 261 106 107 141 153 13 296 155 10 176 130 101 138 285 273 13 191 90 153 260 
edges1
297 261 261 260 260 260 191 191 191 191 89 89 89 89 89 226 226 226 226 226 226 234 234 234 234 234 234 234 265 265 265 265 265 265 265 265 184 184 184 184 184 184 184 184 184 192 192 192 192 192 192 192 155 155 155 155 155 155 155 155 155 155 155 96 96 96 96 96 96 96 96 96 96 96 96 209 209 209 209 209 209 209 209 209 156 156 156 156 156 156 156 156 156 156 163 163 163 163 163 163 163 163 163 163 163 163 163 106 106 106 106 106 106 106 106 141 141 141 141 141 141 141 141 141 141 207 207 207 207 207 207 207 207 207 207 207 207 207 207 207 207 207 207 64 64 64 64 64 64 64 64 138 138 138 138 138 138 138 138 138 138 142 142 142 142 142 142 90 90 90 90 90 90 90 90 90 90 90 90 90 145 145 145 145 145 145 145 145 145 145 280 280 280 280 280 280 280 280 280 280 280 280 280 154 154 154 154 154 154 154 154 154 61 61 61 61 61 61 61 61 61 61 61 61 61 20 20 20 20 20 20 20 20 20 20 20 176 176 176 176 176 176 176 176 176 176 238 238 238 238 238 238 238 238 150 150 150 150 150 150 150 215 215 215 215 215 215 215 215 215 215 215 215 5 5 5 5 5 5 5 5 5 99 99 99 99 99 99 99 99 99 99 84 84 84 84 84 84 84 84 84 84 84 84 172 172 172 172 172 172 172 172 172 172 172 172 172 172 172 172 172 40 40 40 40 40 40 30 30 30 30 30 30 30 30 30 162 162 162 162 162 162 162 162 162 162 272 272 272 272 272 272 272 272 272 272 272 272 272 272 132 132 132 132 132 132 132 132 132 132 285 285 285 285 285 285 285 285 285 285 285 285 180 180 180 180 180 180 180 180 180 180 180 180 223 223 223 223 223 223 223 223 223 223 223 153 153 153 153 153 153 153 153 153 153 153 153 153 153 229 229 229 229 229 229 229 229 229 174 174 174 174 174 174 174 174 174 174 174 174 174 199 199 199 199 199 199 199 199 199 199 199 199 199 199 199 26 26 26 26 26 26 26 26 26 26 26 26 26 26 26 26 26 26 26 26 26 26 247 247 247 247 247 247 247 247 247 247 247 247 247 247 247 247 247 107 107 107 107 107 107 107 107 107 107 194 194 194 194 194 194 194 194 194 194 194 194 137 137 137 137 137 137 137 137 137 137 137 137 137 137 137 137 137 252 252 252 252 252 252 252 147 147 147 147 147 147 147 147 147 147 121 121 121 121 121 121 121 121 121 121 121 121 121 121 263 263 263 263 263 263 263 263 263 263 263 34 34 34 34 34 34 34 34 34 34 266 266 266 266 266 28 28 28 28 28 28 58 58 58 58 58 58 58 58 58 281 281 281 281 281 281 281 281 281 281 281 281 281 281 91 91 91 91 91 91 10 10 10 10 10 10 10 10 10 10 10 10 2 2 2 2 2 2 2 2 2 2 124 124 124 124 124 124 124 124 124 124 124 124 124 124 254 254 254 254 254 254 294 294 294 294 294 294 294 294 294 294 294 98 98 98 98 98 98 98 98 98 98 98 98 98 98 32 32 32 32 32 32 32 32 81 81 81 81 81 81 81 81 217 217 217 217 217 217 217 217 217 217 217 217 42 42 42 42 42 42 42 42 42 42 42 101 101 101 101 101 101 101 101 296 296 296 296 253 253 253 253 253 253 253 253 108 108 108 108 108 108 108 108 108 108 108 108 108 108 108 108 108 108 94 94 94 94 94 94 94 94 94 94 94 94 224 224 224 224 224 224 224 224 224 224 148 148 148 148 148 148 148 148 148 113 113 113 113 113 113 113 113 113 113 113 197 197 197 197 197 197 197 197 197 169 169 169 169 169 169 169 169 169 171 171 171 171 171 171 171 171 171 220 220 220 220 220 220 220 220 220 220 220 220 220 114 114 114 114 114 114 114 114 114 114 114 114 114 114 181 181 181 181 181 181 17 17 17 17 17 17 17 17 17 17 17 7 7 7 7 7 7 7 7 7 7 136 136 136 136 136 136 136 136 273 273 273 273 273 273 273 273 130 130 130 130 130 130 130 130 130 130 130 130 105 105 105 105 269 269 269 269 269 269 269 269 269 269 269 269 269 241 241 241 241 241 241 241 241 241 241 241 241 241 241 182 182 182 182 182 182 182 182 182 182 182 1 1 1 1 1 1 1 1 1 1 1 72 72 72 72 72 72 72 72 72 146 146 146 146 146 146 146 146 146 210 210 210 210 210 210 210 210 
weights
8.09819e-11 -0.0646264 -5.7985e-06 0.00109935 -0.0151126 0.000665228 -1.19923e-06 0.00034748 -0.0129423 -0.00172938 2.72337e-06 -0.00136298 -9.53549e-08 -0.000154418 -0.0553753 -0.000739219 3.68403e-06 1.72126e-06 -0.0470719 0.000119983 -6.65131e-07 -1.59858e-05 4.40954e-07 -0.0196 -2.96067e-06 -0.000102304 0.0767873 0.0963603 -0.00081459 1.32545e-09 0.0129548 0.0691953 0.000456888 3.80392e-09 -2.30132e-12 1.53421e-14 2.06835e-06 -1.13776e-06 -0.0734782 -5.12064e-08 9.96029e-05 0.0393171 0.00416278 3.29906e-15 -0.00377019 -0.0453723 0.00862104 3.36597e-05 -9.7015e-05 -9.86304e-10 4.97939e-06 -0.00941465 1.42609e-06 -1.20594e-05 0.0158642 1.80018e-05 7.95757e-05 -0.0137191 0.00147338 1.81749e-05 -0.0655326 3.64337e-07 -0.000121327 0.0118138 4.94455e-05 -7.64941e-07 -0.159901 -0.00118899 2.77431e-07 0.10767 0.000413565 0.000183372 -1.46256e-05 -0.00620298 -1.35568e-05 3.5788e-13 1.64355e-05 -0.00146757 2.84203e-08 -6.9257e-26 0.105591 -0.000991135 -0.00110226 0.00167566 0.0417388 3.48191e-08 4.28057e-32 1.59043e-07 0.00146906 -0.00745223 0.0525597 0.00506346 -5.13837e-08 -8.63255e-11 -5.03825e-05 -0.00715771 -0.000318544 -1.54259e-08 -0.00103127 -2.60075e-08 -1.50782e-10 -3.42689e-08 -7.53165e-05 -8.00752e-18 -7.10825e-06 0.000172147 -8.43535e-05 -3.74546e-06 -0.083486 0.133093 0.00130533 0.00330826 -0.0033829 5.24533e-08 -0.000571221 -1.65819e-07 7.35542e-08 -0.0566436 1.51306e-10 4.863e-06 7.13106e-09 0.00242133 -0.00932691 0.00265778 7.9199e-06 -0.00397551 -1.32957e-05 -0.0351792 -2.66592e-06 0.113675 2.06592e-11 -0.0269282 0.00744499 -0.00231295 4.53567e-05 -0.00319088 -0.0475 0.000221552 -2.43306e-05 2.12728e-05 -0.000713434 -6.46344e-05 -8.2804e-13 -0.0532459 1.02205e-11 -0.000592311 4.22619e-07 2.28168e-16 9.76866e-19 0.0478441 0.00429393 0.0552162 0.109508 3.25794e-18 -0.00664373 0.000709552 3.85145e-07 0.0108845 -4.19587e-09 0.00229568 0.000190969 1.35274e-06 -4.97319e-08 -0.0113333 -7.27736e-14 -2.34758e-11 0.018777 0.000485046 0.164784 -0.00752777 -9.68309e-06 2.27878e-13 -0.0158294 0.114027 -2.0562e-08 -0.000173828 -2.20694e-06 -0.102714 -0.0144564 0.000980648 0.0134708 0.0452108 -3.42177e-11 0.00216151 -0.000360096 4.45325e-11 -0.000110896 7.46987e-11 0.000939955 0.0375843 -7.2457e-07 -0.00424318 0.126289 -6.83442e-11 -0.00592593 -0.0339088 -0.0756188 -0.081213 0.00286421 -0.000126153 3.94737e-06 4.05593e-06 -0.012502 0.000469674 -0.000638569 0.056194 1.81381e-07 -0.0113498 0.000144803 9.73167e-11 -1.31452e-05 0.00638089 -1.85488e-10 -6.54948e-09 -5.64079e-07 -2.86203e-06 -0.0195224 -0.0536038 -0.00470012 0.00253495 -0.00974348 1.6177e-05 -0.00272732 -0.0197077 -7.01021e-13 -5.92788e-10 0.000149362 -1.09759e-05 0.00162702 0.0159205 1.85695e-13 0.008411 -0.000409356 5.76448e-08 1.08161e-05 -1.50828e-08 -3.86732e-10 1.8382e-05 -0.0217846 2.19811e-05 0.0436992 -1.60775e-05 -1.16425e-05 -0.0225889 -2.23165e-09 -0.0149219 1.12091e-10 -4.44511e-06 0.0701954 0.0127374 -2.95693e-11 -0.000164607 -0.00804079 -2.71495e-12 3.69712e-07 -0.0148206 0.00335018 1.38369e-09 -0.0112624 -8.91161e-05 1.07753e-05 0.0817436 5.43659e-09 6.37848e-10 -0.00776529 -4.34777e-05 -0.000549086 -0.00054398 6.35617e-07 -0.0431834 0.000567768 -1.90065e-18 0.0168637 0.000710994 -2.48146e-08 5.29414e-07 -4.45889e-08 -0.0509053 -0.117057 0.0426693 -1.72751e-05 -0.00852732 2.57157e-08 -1.2185e-10 -1.09884e-16 -3.743e-05 1.50879e-13 -6.82077e-09 -1.08051e-06 0.00268909 0.00270144 -2.77874e-06 2.24371e-07 -0.0525259 -0.00902842 4.42286e-15 1.75256e-06 0.000142362 -4.81621e-08 5.32632e-06 -3.34236e-10 -5.4745e-10 -0.0145828 -0.0226688 -0.00226245 0.00227026 -1.61997e-05 2.04502e-13 -0.000191381 3.80664e-09 0.000128944 5.2469e-10 -1.17144e-08 0.0233585 0.0467021 -0.0193642 -0.0440008 8.07678e-06 -0.00100178 0.0349767 -0.0104644 0.000730102 1.18776e-08 -0.0080115 1.11836e-08 -0.00142285 2.08028e-07 -0.000321026 2.42756e-05 -3.73834e-15 -7.19976e-05 -1.26422e-08 -3.81151e-09 0.0137839 0.0228946 6.23214e-07 0.0161941 0.0199344 -2.85346e-08 -1.25128e-09 -2.90687e-09 -0.000272106 0.000791898 0.00886886 -0.00167739 -3.30265e-06 1.06804e-06 -5.94161e-07 0.000328181 7.44729e-06 -3.68274e-06 -2.60477e-06 0.0572824 -0.00235121 0.00062144 -1.63461e-05 -4.61527e-15 -0.000792008 9.7318e-08 -2.89325e-09 0.000643804 -0.0667802 2.08186e-09 7.56431e-08 -0.0914652 -2.30149e-09 0.00121043 -1.45015e-10 0.0193705 0.00874417 -0.00257457 -0.0005008 -4.96738e-10 -0.0131123 0.000146854 2.49982e-09 0.0288662 -8.48389e-05 -5.46513e-06 0.00687432 0.0270426 -9.25066e-09 0.00468345 -0.0409828 -7.1441e-09 0.144091 0.0208036 0.00291401 -1.78084e-13 -0.000478065 -4.09842e-07 7.53764e-08 -0.0829439 2.82244e-16 0.00223418 -8.17718e-07 -1.31175e-08 4.21224e-07 -0.0219964 2.93967e-06 -0.140223 -0.00731619 -3.26911e-05 0.000192894 0.00589455 -0.00727423 4.25182e-18 -0.0221877 -0.00540255 -1.49485e-05 0.000168372 -5.70859e-06 -1.45065e-08 -0.00895115 -0.0591224 3.05954e-08 5.61175e-08 -5.15967e-06 -2.03288e-09 7.95203e-11 -2.38902e-25 -4.01597e-08 0.00102979 -7.62137e-20 0.171474 2.69109e-07 -0.137214 0.000968004 7.5798e-16 -1.74567e-12 1.73053e-13 0.00866034 -5.86313e-06 0.0074671 -0.0183927 -3.97632e-08 2.90481e-05 -0.00586038 -0.0237725 2.83444e-10 0.00171453 4.34239e-05 6.031e-08 -0.0179739 0.0161875 0.00174642 0.0130673 -0.00144468 -0.00890785 2.43307e-06 -0.00660351 0.00085588 9.36967e-13 0.000124138 0.0114698 0.00105674 -0.000161414 -0.204945 0.0555402 0.0113712 3.16635e-11 -0.00954092 -9.91197e-05 -1.41923e-05 4.4767e-05 -0.00407765 -1.77818e-06 2.12326e-11 0.000643836 6.85946e-09 -0.0343145 0.000149814 -0.0611788 1.51633e-05 3.93949e-06 2.07595e-09 -0.000206088 -0.00028136 0.0302872 -0.000208638 -2.30261e-08 0.000484349 5.69766e-16 -0.0521455 4.61774e-09 7.08359e-10 -1.87193e-05 2.07539e-06 0.00848795 0.00508642 -2.57436e-05 5.94585e-05 0.00329345 2.2973e-13 7.641e-08 -3.24708e-07 -2.44257e-10 0.0104889 4.087e-16 -0.143566 0.0640358 2.23593e-06 -0.00651351 1.48586e-06 -0.0435364 2.6371e-09 1.7683e-05 -0.0641553 -0.000516284 -0.000248204 0.0104278 -1.18961e-09 -7.77954e-15 0.0400377 1.95839e-05 0.00110856 0.0164867 -0.000230996 6.37503e-09 7.45294e-05 -0.000352709 0.0536344 0.000437113 -0.00282013 -4.51871e-05 -4.06696e-05 4.02333e-06 0.0212085 -0.019985 0.000639309 -5.26125e-07 -5.51376e-14 -7.71948e-05 0.000358436 9.11682e-06 -2.14353e-05 0.000149072 3.71701e-05 3.75134e-12 -1.19173e-11 0.000144557 3.93219e-07 4.15426e-06 -1.80002e-12 1.34167e-07 0.0034056 1.33005e-06 -3.5781e-05 4.70604e-06 1.20958e-11 3.64772e-07 -4.31273e-06 -0.000533942 6.80327e-08 4.97049e-10 7.18428e-08 -0.0192738 -9.31698e-13 -0.0437309 0.00124297 7.79815e-05 -0.0588905 0.016732 -0.00016994 -0.0185673 -0.000248871 -0.0606875 3.80158e-15 0.00502585 0.00806346 0.000424744 0.144861 9.53961e-06 1.90937e-10 -0.00557804 1.00006e-05 -8.40576e-08 3.45725e-19 1.05353e-10 -6.10302e-06 -3.37621e-05 1.95449e-14 -0.00274574 9.72072e-08 -0.00484059 -0.000250564 -0.000493527 -0.0895958 -0.00144942 0.00374722 -2.42248e-11 0.000571535 0.00659526 -0.0157209 -0.000339196 2.40232e-05 -0.0132836 -0.000539419 0.00531799 -7.50578e-05 -1.56285e-05 0.000162437 0.000249452 -2.20267e-08 -1.69448e-06 -0.0445403 -1.38743e-06 5.47844e-08 1.39172e-11 3.59983e-08 -3.62177e-07 0.00189778 -3.5195e-05 0.000344518 1.72598e-06 -2.86024e-07 -5.53635e-10 -0.0423372 4.79699e-10 1.46625e-05 1.01783e-06 4.71811e-09 -9.47349e-05 -0.0284592 4.89666e-06 -0.14531 -0.0514059 -9.43797e-13 -0.00103859 -0.00344617 0.00031051 -0.0066144 1.53108e-05 -0.0423781 5.85027e-07 6.96753e-12 -1.44669e-05 -8.07498e-06 0.035771 -0.0554526 0.00217274 0.051402 6.0366e-11 -2.75144e-07 -0.00478013 0.0221503 -0.00049658 -2.30168e-06 -3.16391e-10 -6.94541e-05 -0.0864105 0.0284331 -0.000131186 1.31471e-15 0.0998567 -0.00252064 -0.0320343 0.000615266 -0.0213792 1.489e-09 -0.00014707 -1.64617e-15 0.0023929 0.00511636 -7.69615e-05 2.69433e-13 -1.61522e-13 0.0565132 0.00234887 0.00252355 -0.00761447 -9.24846e-05 3.91983e-12 -0.0187489 3.3235e-06 0.0150136 0.0154681 1.18303e-06 1.28656e-06 0.0386347 -0.021192 0.0209414 -7.86098e-06 0.115972 9.21088e-12 -5.00039e-11 0.000574473 -2.83278e-10 -0.000915274 -0.000950367 -0.037441 -6.22071e-08 -0.000106348 1.78323e-14 -0.000673398 -2.33381e-05 0.000397539 0.0248079 3.15032e-10 -6.85573e-05 1.18514e-13 1.05625e-05 -1.77089e-08 0.000132869 -3.40734e-06 0.000193535 0.00137105 -0.000102463 -0.00924724 0.000393026 -8.63594e-05 0.0504485 0.0386907 -5.15175e-08 -2.49668e-10 1.29921e-17 -0.00489267 1.28823e-06 -9.01807e-11 -0.00730359 -0.00178478 -9.68405e-05 -0.00633914 -3.07426e-05 0.0240719 -0.125339 0.246818 0.00024386 -3.51727e-06 -0.000241008 -0.07073 -0.00222648 0.000102702 -4.73897e-08 0.0176501 -0.00684614 0.00184827 -0.000176948 5.63537e-05 0.00970816 0.0498546 0.000647607 -6.48833e-05 9.34323e-06 -0.00539949 -5.12861e-08 0.00199527 -2.39532e-07 -0.00405492 2.70126e-06 0.00102279 -0.000648944 0.0471272 0.000759402 1.08844e-07 -3.82484e-10 -0.0519614 -0.000553826 5.09115e-06 2.97023e-05 -0.00128582 -1.36515e-07 0.000100207 2.7356e-08 7.71096e-06 -0.0398116 -3.69074e-07 -0.000569122 1.48373e-08 0.000168268 -0.0362967 8.81181e-07 -6.07354e-09 0.09036 -0.00205817 2.52484e-08 -0.0707337 -7.89559e-09 1.125e-07 -5.94981e-07 0.00582054 -1.54795e-05 1.6718e-09 5.09207e-08 1.81778e-12 0.00156399 5.84576e-05 -0.000233904 -0.0719048 1.6103e-07 0.018628 -2.3973e-08 0.0183227 3.93977e-10 -0.0815922 -6.26826e-05 1.9227e-11 -0.000113089 -0.0240073 -0.000194282 -1.53879e-06 -1.33519e-07 -6.33102e-07 -0.00353651 -1.36175e-10 -0.00736107 -0.0437434 -0.0234583 -1.8395e-12 2.03525e-08 6.80961e-05 -0.0102166 -0.0500082 0.00115835 0.00151507 0.00092294 0.000554137 -1.87213e-07 -0.00200887 -1.5048e-06 -0.011945 2.65164e-12 -2.07955e-07 -0.00963466 2.57518e-06 -0.033053 0.0338186 -0.00985735 -4.71611e-08 0.0010086 4.08516e-07 -1.20502e-06 0.00734966 0.000447435 0.00589669 8.12715e-09 3.55148e-10 -0.00340244 -0.100422 2.26209e-17 -0.00715439 -0.0231936 8.86335e-21 3.07423e-05 -2.9061e-05 -0.068283 0.0366147 0.000140202 -0.000822207 1.54192e-07 4.47821e-05 -0.000174165 -0.000108499 1.31727e-08 0.000391713 -0.00849781 0.0501106 -0.0584837 0.00821708 -0.00283241 1.32104e-05 -3.56162e-07 -3.68195e-06 -0.00531506 -1.01904e-14 0.000587023 0.00563965 1.75168e-06 -0.0281336 -0.00619693 -1.0889e-05 0.169679 -0.0476539 3.00476e-09 -0.00216017 0.0574758 0.000290229 -6.53682e-17 -0.0016665 0.00204888 6.72011e-07 0.00161041 0.000411103 0.00246745 -2.85465e-08 0.000174758 0.0199623 -0.00501133 6.14966e-05 -6.11172e-05 -0.00151113 8.15666e-08 -0.000184887 1.42145e-05 -0.0335457 0.00157854 2.60699e-18 -9.8466e-05 -5.15897e-19 0.00574186 0.299607 -0.0193758 -0.00373409 -0.0308188 2.37469e-05 -3.42559e-05 5.72723e-18 0.0131054 -0.0296694 1.65651e-05 -0.00475161 -1.69835e-05 -0.000954292 -1.50335e-07 4.07483e-11 -9.06202e-08 8.46707e-08 0.00826249 1.14113e-05 -0.00735752 -1.37213e-07 0.00417064 -0.000108965 0.00080919 1.70208e-16 -1.44863e-07 -0.0058961 -0.00720502 -0.0645359 -0.00136148 1.09099e-13 0.0399276 0.00701744 0.155302 -7.77802e-06 -0.00170081 -0.00671683 2.80633e-08 -7.44603e-08 -0.0149165 -0.00770443 0.00370166 1.86061e-05 -4.80106e-08 -0.00883815 1.0066e-06 -0.000164037 -8.3019e-07 2.65796e-10 0.0001232 -0.000220514 -0.189886 -3.1922e-07 5.12063e-06 0.000487 0.0132468 -0.00574137 -0.0320505 0.000351749 7.85353e-05 0.00162729 0.00175698 5.609e-06 -2.76949e-05 0.0154937 5.42628e-09 -0.00054737 -9.46593e-05 0.00053593 -7.33975e-05 -0.000582727 -0.0290916 2.24685e-06 5.56228e-12 -0.00195822 2.32995e-06 9.54412e-08 3.78077e-07 1.28073e-06 -0.00213263 8.6393e-13 -1.65655e-09 0.021411 -0.0198155 0.0780481 0.0107167 2.63369e-06 0.00407154 0.0620069 -1.12863e-08 0.000132392 -2.9969e-07 1.34803e-06 -3.749e-09 1.0629e-10 6.24149e-06 -0.0091111 -5.43316e-12 0.0395025 -0.00324274 

network 2 1000
edges0
274 274 230 188 274 230 239 188 274 230 239 274 158 230 188 268 188 239 230 158 274 239 274 231 268 188 230 158 239 268 230 231 158 274 126 188 158 239 230 231 206 274 268 126 188 268 56 206 230 158 239 274 188 231 126 206 239 274 231 188 230 126 200 56 158 268 268 126 200 239 274 86 56 274 230 188 268 86 158 231 126 239 200 200 216 158 188 231 51 239 268 126 86 56 274 230 206 231 237 51 230 200 268 274 126 188 86 274 239 216 237 179 200 268 237 231 51 274 158 200 56 239 230 216 237 86 274 200 239 230 126 216 51 231 185 188 66 274 158 237 200 206 87 126 216 239 86 274 237 230 188 51 56 158 268 185 66 274 259 239 231 86 87 206 56 216 126 66 237 188 200 259 87 51 185 268 270 188 259 126 200 56 206 165 158 51 239 87 122 268 179 239 126 216 165 237 51 200 231 56 288 185 188 274 179 239 51 230 149 206 216 165 270 87 216 158 86 66 206 268 185 230 51 270 268 274 200 237 122 188 51 126 231 149 230 116 259 200 231 165 158 237 206 126 116 230 239 158 216 179 51 167 268 206 288 230 200 149 239 185 122 232 274 126 230 87 200 116 239 179 274 216 149 66 270 259 188 86 200 122 185 239 86 126 188 187 237 51 167 231 56 232 274 268 187 179 116 185 262 86 116 232 205 158 270 206 274 149 239 85 56 213 126 51 262 282 86 116 188 206 270 158 216 270 274 282 185 188 268 216 230 259 116 51 259 116 270 167 56 51 200 188 237 274 158 86 116 237 274 126 230 213 206 149 230 86 187 239 87 274 237 51 216 56 268 158 231 200 85 230 259 237 165 298 188 66 230 259 200 122 149 158 270 205 288 268 71 211 87 86 85 239 282 230 116 126 216 158 239 165 56 200 270 288 179 185 237 268 165 86 188 200 231 87 211 288 230 274 232 239 200 123 282 235 288 268 274 129 116 51 237 200 188 85 270 205 87 179 288 232 126 165 87 274 270 259 122 188 51 231 239 230 149 126 3 87 268 179 205 37 206 165 116 126 56 239 237 282 232 51 259 205 274 206 274 282 216 230 165 51 185 235 129 235 216 200 274 51 149 239 122 14 213 230 116 41 200 259 123 262 231 126 298 3 268 200 216 235 183 282 277 216 200 51 282 222 268 188 51 274 216 123 188 259 56 231 270 51 230 123 116 277 200 213 87 165 165 56 288 200 167 206 274 231 222 232 230 235 75 120 179 259 231 274 246 200 204 206 80 128 122 56 216 262 188 230 38 268 87 116 85 183 237 206 3 122 123 14 289 200 231 188 149 213 206 233 274 51 80 270 298 123 87 11 268 152 122 56 277 239 288 298 51 237 232 289 268 51 274 149 80 259 131 179 298 55 188 282 158 268 128 298 167 122 86 116 185 232 213 262 277 211 235 131 85 116 179 216 230 219 259 152 128 274 158 33 219 211 225 206 131 274 149 87 122 116 237 216 235 128 230 216 274 277 25 55 149 200 126 158 167 225 262 239 75 128 149 246 80 185 200 188 274 235 259 268 187 165 183 230 289 116 235 282 239 56 231 3 188 222 245 211 85 165 185 200 116 232 158 230 206 206 185 51 126 87 277 216 131 33 85 158 237 235 149 122 66 270 165 246 206 188 39 270 239 200 85 235 131 14 237 55 231 235 211 282 122 274 87 239 246 179 14 123 206 289 85 9 237 206 270 126 152 216 259 258 288 237 200 9 216 152 178 239 46 66 188 206 56 179 270 25 282 85 235 237 188 231 167 188 51 206 262 239 268 131 120 216 123 86 152 298 185 144 200 246 204 274 87 230 51 188 258 117 200 225 128 232 216 122 140 219 116 259 237 27 38 185 9 288 231 51 187 185 200 56 211 14 282 230 80 270 219 118 251 170 179 200 123 144 185 237 46 126 245 167 85 46 274 152 237 80 225 213 259 270 87 126 277 51 268 152 237 206 87 149 3 158 149 126 225 270 187 274 87 140 277 46 185 246 235 152 116 9 188 216 277 218 200 87 219 259 245 204 51 165 170 38 3 259 123 211 268 270 87 25 149 170 268 123 173 158 270 218 179 232 46 188 25 200 122 185 237 183 55 11 185 149 274 85 14 37 126 262 270 251 178 237 161 206 120 71 225 245 126 183 232 237 159 278 259 268 86 85 56 183 231 25 279 225 239 200 287 268 251 78 158 211 262 219 152 179 259 56 87 8 37 55 288 129 258 140 62 161 149 259 68 239 158 288 
edges1
230 188 188 239 239 239 158 158 158 158 268 268 268 268 268 231 231 231 231 231 231 126 126 126 126 126 126 126 206 206 206 206 206 206 206 206 56 56 56 56 56 56 56 56 56 200 200 200 200 200 200 200 200 200 200 86 86 86 86 86 86 86 86 86 86 86 216 216 216 216 216 216 51 51 51 51 51 51 51 51 51 51 51 237 237 237 237 237 237 237 237 237 237 237 237 237 237 179 179 179 179 179 179 179 179 66 66 66 66 66 66 66 66 66 87 87 87 87 87 87 87 87 87 87 185 185 185 185 185 185 185 185 270 270 270 270 270 270 270 270 259 259 259 259 259 259 259 259 259 259 259 259 259 122 122 122 122 122 122 122 122 122 122 165 165 165 165 165 165 165 165 165 165 165 165 165 165 288 288 288 288 288 288 288 288 288 288 288 149 149 149 149 149 149 149 149 149 149 149 149 116 116 116 116 116 116 116 116 116 116 116 116 116 116 187 187 187 187 187 187 187 187 187 187 232 232 232 232 232 232 232 232 232 232 232 232 232 167 167 167 167 167 167 167 167 167 167 85 85 85 85 85 85 85 85 85 85 85 85 85 85 85 85 282 282 282 282 282 282 282 282 282 282 282 282 282 282 282 262 262 262 262 262 262 262 262 262 262 262 262 262 205 205 205 205 205 205 205 205 205 213 213 213 213 213 213 213 213 213 213 277 277 277 277 277 277 277 277 71 71 71 71 71 298 298 298 298 298 298 298 298 298 298 298 235 235 235 235 235 235 235 235 235 235 235 120 120 120 120 120 120 120 120 120 3 3 3 3 3 3 3 3 3 3 3 211 211 211 211 211 211 211 211 211 211 123 123 123 123 123 123 123 123 123 123 123 123 123 123 123 123 123 14 14 14 14 14 14 14 14 14 14 222 222 222 222 222 222 222 233 233 233 233 233 233 233 233 233 129 129 129 129 129 129 129 129 75 75 75 75 75 75 75 75 75 75 75 37 37 37 37 37 37 37 37 128 128 128 128 128 128 128 128 128 128 128 128 128 183 183 183 183 183 183 183 183 183 183 178 178 178 178 178 204 204 204 204 204 204 204 204 204 204 41 41 41 41 55 55 55 55 55 55 55 55 55 55 55 55 55 55 289 289 289 289 289 289 289 289 289 11 11 11 11 11 11 11 11 38 38 38 38 38 38 38 38 38 246 246 246 246 246 246 246 246 246 278 278 278 278 278 278 278 278 80 80 80 80 80 80 80 80 80 80 46 46 46 46 46 46 46 46 46 46 46 46 46 152 152 152 152 152 152 152 152 152 152 152 152 152 152 152 152 131 131 131 131 131 131 131 131 131 131 131 131 131 131 33 33 33 33 33 33 33 33 33 219 219 219 219 219 219 219 219 219 219 219 219 27 27 27 27 27 27 27 27 225 225 225 225 225 225 225 225 225 225 225 225 225 225 245 245 245 245 245 245 245 245 245 25 25 25 25 25 25 25 25 25 25 25 258 258 258 258 258 258 258 258 39 39 39 39 39 39 39 39 39 39 39 39 39 39 39 166 166 166 166 166 166 166 166 166 68 68 68 68 68 68 68 68 68 68 68 140 140 140 140 140 140 140 140 117 117 117 117 117 117 117 117 117 117 117 117 117 117 117 117 117 117 144 144 144 144 144 144 139 139 139 139 139 139 139 139 9 9 9 9 9 9 9 9 9 9 9 9 9 251 251 251 251 251 251 251 251 251 173 173 173 173 173 173 173 173 173 173 173 173 173 173 173 173 104 104 104 104 104 104 104 78 78 78 78 78 78 78 78 78 78 78 170 170 170 170 170 170 170 170 170 170 170 118 118 118 118 118 118 118 118 118 118 118 118 118 118 118 118 118 118 279 279 279 279 279 279 279 279 279 159 159 159 159 159 159 159 159 159 159 159 159 159 159 159 159 159 159 287 287 287 287 287 287 287 287 287 287 287 287 293 293 293 293 293 293 293 293 293 293 218 218 218 218 218 218 218 218 218 218 218 218 218 218 218 76 76 76 76 76 76 76 76 76 76 76 76 76 76 161 161 161 161 161 161 161 161 161 4 4 4 4 4 4 4 4 4 4 4 23 23 23 23 23 23 23 23 23 8 8 8 8 8 8 8 8 8 12 12 12 12 12 12 12 74 74 74 74 74 74 74 74 134 134 134 134 134 134 134 134 62 62 62 62 62 62 62 62 62 62 62 62 62 255 255 255 255 255 255 255 255 255 255 255 255 255 102 102 102 102 102 102 102 
weights
7.88264e-05 0.114077 -0.00140673 -0.000957865 -2.24363e-07 -0.00210142 -0.00132176 -0.0704217 0.00118989 -0.000278695 3.73487e-05 -1.38996e-15 -0.00470651 0.00721105 -2.24511e-08 7.03679e-05 -1.19989e-05 -0.00122664 -0.0170412 0.000114267 -0.0118512 -4.97706e-08 2.80844e-07 0.0169588 -4.73146e-07 -1.75523e-05 -0.000759497 1.19519e-10 1.35478e-05 4.00753e-05 0.0430453 0.00664839 -4.60601e-16 -0.000475522 7.40708e-12 0.0262478 4.79396e-12 2.15493e-07 0.000227241 1.21501e-05 -0.00523491 7.45094e-05 -1.12845e-05 6.5691e-08 -0.000339606 0.0105272 -3.17519e-08 2.02668e-05 0.0113232 0.178204 -4.23758e-05 -5.4573e-13 -1.03189e-14 0.0313822 0.000206819 0.0184049 0.000366664 1.95409e-19 -9.82196e-08 8.96228e-06 -4.38491e-11 3.14693e-06 -0.0185282 9.71039e-06 -1.73418e-06 -6.60561e-08 -0.000593793 -0.00227568 -0.000522197 -0.00422973 0.000224279 0.000428878 -3.25985e-06 4.96432e-06 -0.0110641 -0.0136956 -1.98474e-13 -3.54997e-05 0.000804226 -0.000585887 -0.00180894 -4.37555e-05 0.0010623 7.86844e-07 1.95867e-11 -1.23414e-05 -3.02561e-07 -3.67435e-07 -1.69956e-05 0.00593109 4.56021e-07 -0.0817126 0.00167998 1.38321e-17 0.00122833 0.0126715 -0.000199421 -0.0125133 2.97049e-06 -2.87657e-06 2.15943e-08 -6.99696e-07 9.59923e-05 -1.70716e-08 -2.35758e-05 -0.0643389 1.40264e-13 -0.000266527 8.74629e-05 0.00378664 0.03599 6.49477e-05 0.00126049 9.78681e-05 1.16328e-10 -6.82714e-06 -5.27617e-07 0.0918896 -0.00310634 -1.38881e-14 0.000859565 -0.00147785 -2.21689e-06 0.00682777 0.000285788 0.00119035 2.1378e-06 0.0484908 -0.0902472 -2.20471e-05 -0.00037828 0.0202556 -3.17316e-05 -0.00527393 -0.00112509 -0.0296916 -7.13848e-09 0.0313711 0.0933199 0.0846183 0.000794456 0.000131964 -0.00696988 -3.0212e-12 0.000125471 -0.00734412 -0.000449829 0.0408364 0.0553127 -1.10908e-06 -0.038508 0.00171068 0.00944273 1.21626e-23 -5.71564e-14 0.00339451 -0.077355 -0.00340215 -0.000296745 -1.88316e-12 -1.49018e-05 0.00471813 -0.00224885 1.54425e-11 -0.107362 -0.0198878 0.00401004 -9.33661e-06 0.00777449 0.000109889 -4.1585e-05 -0.0447014 -0.000817511 0.000413764 5.39699e-09 0.0876702 0.00213725 7.67988e-13 1.45601e-05 0.00141175 -1.0773e-05 0.00158134 -1.28151e-09 0.00211572 0.0041293 -6.0089e-10 -0.000371772 0.0145955 0.000182191 -5.18399e-07 0.000152612 1.83033e-05 -0.0441756 -0.01395 0.0336296 9.0316e-05 -0.000670058 0.0383822 2.8604e-05 0.018549 -0.00871535 0.00286201 0.18319 -9.57949e-05 -7.48377e-07 -0.0462122 3.89485e-05 2.21794e-07 1.64268e-06 0.000646238 -0.00531137 -4.92948e-11 0.0064189 -0.00200758 -0.00969072 -0.000957254 0.000313434 -0.0525645 0.000356367 -0.000863866 0.00395589 -0.000118885 3.35189e-09 0.00306539 -0.106775 0.00529931 0.010237 0.000156116 -0.0012529 -0.00654266 0.0191613 -0.000734324 -0.000338107 -0.0169728 -1.61354e-09 0.00962714 -5.57687e-06 4.44404e-05 0.000279394 0.0110188 3.66739e-05 -3.15663e-07 0.00232771 1.65049e-06 0.0048715 0.00128949 0.00407809 -0.000446337 1.33115e-08 -7.10703e-14 2.19583e-07 -0.00328819 0.00198271 0.000112201 -0.000155869 4.61005e-15 -7.50767e-08 0.0249896 1.62554e-06 -0.142395 -4.62092e-06 -1.67733e-08 -0.0454117 -0.000124695 0.00025397 -0.00363861 -0.000149805 -4.86233e-09 -0.0974916 -9.55123e-05 0.353645 -0.0184281 0.000603904 -0.000716717 2.56129e-14 0.0653976 -0.00456535 -0.0505173 4.00135e-09 0.00284385 3.92316e-06 -2.25613e-06 0.00257918 0.000350346 -2.54382e-05 -0.0107297 -7.32992e-08 -0.0451958 -0.00109357 -0.00513195 3.05934e-06 3.65199e-05 -0.0409417 -1.64825e-05 -0.000681198 -0.0408721 1.02334e-05 0.000100818 -2.449e-10 -0.0144039 -0.0001602 0.0827628 3.41628e-05 -1.69216e-07 -1.30143e-06 0.0618251 0.00343052 0.00226073 -0.00376545 -1.79715e-11 0.00958489 -3.82705e-10 5.41347e-05 -1.76309e-08 4.17974e-05 2.44097e-07 -1.89402e-05 0.278014 9.84867e-05 -1.74211e-07 -4.09013e-05 -8.18863e-07 -0.00179133 1.88924e-21 -0.0117279 1.69484e-05 -0.00735403 0.00523184 4.56558e-11 0.0064947 0.0226577 -0.247295 -0.000629701 0.000112873 3.22338e-06 -0.00136119 0.000186282 0.000130934 1.35211e-06 -0.000499291 -0.0162541 -2.44427e-06 -1.46176e-05 -2.11359e-11 -7.70135e-05 1.98737e-26 -5.03099e-09 0.000892971 4.14727e-05 0.0135651 -1.70374e-11 0.000261436 0.000162832 0.0487491 0.0485136 -1.85502e-14 -8.44477e-07 0.0728897 0.165602 2.73689e-07 -0.0275968 -0.000180604 0.0135381 -6.4709e-06 -0.00261729 -0.000280204 -0.000124195 5.19911e-08 -0.000980044 -0.00437598 -0.00169032 0.000464171 1.18617e-06 -0.00409977 -0.000645831 -0.017745 -0.00450998 -0.000468296 -0.000108827 0.00726977 5.48018e-05 -2.02868e-21 0.00239586 2.74481e-06 -0.0126955 -6.13971e-07 -3.3345e-10 -0.00507042 -1.45825e-07 -3.1834e-05 0.00479659 -7.46575e-20 0.00189181 -0.00326965 1.04302e-07 1.49975e-11 0.00217279 1.83129e-06 -7.8144e-06 2.58336e-11 0.149075 -0.00580789 8.24104e-11 3.71575e-05 0.0280584 -0.00348837 1.03734e-08 -6.37874e-12 -0.000221686 0.00188931 0.000147909 0.158267 3.92925e-06 -0.00025784 -1.97142e-06 0.0542871 0.000124197 -0.00230013 2.76913e-05 -0.214404 -0.0225971 1.18075e-12 -4.28023e-09 1.27212e-08 -0.0441986 -1.47572e-06 0.0105804 6.27209e-07 -0.0220532 -0.0667603 1.66317e-06 4.41057e-07 2.4641e-08 -0.0280159 -0.00915488 -0.00103348 -6.14873e-12 -0.00373859 -1.92283e-13 -2.90693e-08 0.0793666 2.41026e-05 -0.0021986 -0.0626605 -2.54308e-08 0.00138084 -0.000388311 0.0124939 0.0251722 2.31895e-14 0.00159457 -1.97288e-09 -0.00649119 -2.90445e-08 0.117917 0.000741909 0.00179286 -0.000139845 2.4851e-12 -0.00177646 1.18091e-12 -3.49048e-12 -0.000106084 0.0016158 9.56089e-12 1.15895e-13 -8.35469e-06 -5.88127e-06 -6.21181e-05 -5.44451e-07 1.66929e-05 -0.000440837 0.0673314 -0.00812922 -1.08775e-10 0.0593405 0.0092456 0.0017708 -0.0687887 -7.75524e-06 0.0102989 -3.18155e-15 -1.90784e-24 -0.0319732 -6.92693e-24 0.0255674 0.00176119 -5.46825e-05 9.97246e-08 0.00404151 0.0686469 -2.87931e-06 -0.000456252 -0.000988713 -1.8036e-10 -3.33617e-06 -0.027499 -7.48105e-06 1.62189e-23 7.89658e-07 -1.24367e-22 -0.0169501 4.19102e-06 0.0218335 -6.19745e-05 7.11066e-16 -1.3938e-05 -6.26415e-05 -0.00314144 -0.00233115 7.03877e-05 -0.00633857 1.31437e-06 3.21653e-16 -3.14219e-05 -2.6589e-06 -1.66806e-05 -0.0221582 0.0115501 -4.75663e-06 6.41909e-06 3.84321e-05 -6.12928e-07 -0.000198838 -6.18509e-06 -1.57724e-07 7.87471e-06 0.000233476 3.44181e-06 -0.00450557 0.00240606 0.0140243 -3.48938e-13 0.000650077 -0.000120228 1.23456e-08 1.94441e-05 -1.36971e-05 8.55932e-05 1.8356e-05 2.14433e-05 -7.50569e-09 4.88599e-05 3.9235e-13 2.89325e-13 -0.00112693 0.00887678 -0.000249812 7.60318e-06 2.22184e-09 0.139261 0.000385251 -9.48577e-05 -4.18966e-08 0.00896521 0.00159001 6.65966e-14 3.32306e-08 -0.000609278 9.23103e-08 8.29331e-06 0.0335587 0.000228654 8.66564e-09 -0.0464331 1.74785e-11 1.72241e-14 -0.0199177 -0.144912 0.00591996 1.76636e-05 -6.35688e-11 -0.00283074 -0.0713282 -8.77436e-05 -1.05267e-10 -0.000445725 4.0852e-11 0.0115819 -3.56599e-24 5.06724e-07 -0.000536764 0.112449 -3.73072e-06 6.05254e-11 -2.46203e-07 0.00117314 3.43998e-06 -0.000105817 -0.00192536 2.5574e-07 0.0137994 -0.00289487 -0.00678312 -7.23096e-08 -0.0255623 -0.00232788 2.29979e-07 -1.47444e-07 0.0701955 -0.00571018 2.96718e-05 2.20405e-05 -0.0212143 -1.11674e-07 0.00819472 0.000224748 2.42224e-06 -5.69386e-07 -1.27843e-10 0.005241 0.000990302 -1.73876e-13 -0.0206102 -8.66396e-05 -0.0315254 8.18001e-05 0.00674611 -2.41602e-08 -0.00165944 -0.000113088 0.000662902 0.00114515 0.00372867 5.09466e-12 -0.0138726 0.0129264 -7.35083e-06 -6.86401e-09 0.0160664 -0.0128153 0.0426157 -0.000852346 0.0140685 1.32684e-17 1.64647e-09 -0.003616 -5.29902e-05 2.75273e-07 -0.000470175 -0.000275605 2.25975e-07 -1.51792e-05 0.0298929 0.000494665 0.00904416 0.00705717 -0.010074 -3.23469e-05 0.0032992 1.49902e-13 -3.35798e-05 1.87993e-06 0.00181663 2.94339e-05 0.00173049 -3.67113e-05 -2.93037e-24 -0.00076422 2.97734e-05 7.91892e-05 -0.00147397 -0.00881917 -1.45594e-05 8.03558e-10 6.07902e-14 -0.00525904 3.23942e-05 0.000705065 -1.47389e-07 -4.85034e-11 -0.000580463 -0.00500987 -0.0343082 0.00055019 1.62255e-06 5.00067e-08 -0.000802338 -0.0820687 4.7117e-05 0.0225801 0.000695031 0.0185913 2.46777e-14 -1.59337e-08 1.87621e-16 1.486e-06 0.0011341 -0.00462236 3.08252e-07 -0.000144512 0.000259809 -3.35606e-05 -2.53487e-05 0.000148009 1.95457e-11 -2.45428e-05 6.73192e-10 -1.64287e-10 -2.00424e-09 -9.07247e-05 0.0122481 -2.24826e-06 -4.65319e-07 -0.0808411 -3.4636e-10 0.0309732 0.0148102 6.40925e-05 1.13584e-05 -7.66316e-05 -0.000450851 -0.000362027 -0.0031618 0.00328731 0.00843994 5.59413e-09 0.00611987 -0.00493681 7.64079e-07 -0.00877391 -1.18337e-09 -0.00570964 -2.82327e-09 0.0255154 -0.0937302 9.89485e-05 -5.02115e-09 -0.00644558 0.00246639 0.0242625 0.00315462 3.41718e-09 0.0142264 -0.066995 9.825e-08 2.01667e-06 0.16977 -1.76531e-05 0.0518181 -8.66383e-07 0.000656671 -0.0868947 -9.85991e-07 0.00161736 -2.72312e-08 -0.00817374 5.69645e-05 0.022696 -0.000128414 -2.30033e-07 -0.00432588 0.000195459 1.59677e-11 0.000338477 -4.23492e-13 -0.0206195 -9.77536e-06 4.88758e-10 -0.00194448 1.11866e-07 0.000426364 8.68119e-06 -0.00115883 -0.0532012 -0.000337272 0.000341849 0.11874 -0.000196749 -1.352e-16 -0.000135933 2.51841e-06 -0.000138987 -1.31742e-07 4.72571e-08 1.36941e-06 0.00648222 4.89823e-08 0.0376385 0.000423925 3.10072e-06 3.89673e-09 -1.28077e-15 -0.0718472 1.2125e-09 -0.00815863 0.0019575 -0.000614013 0.01835 0.0143888 -8.28631e-05 0.000795086 0.0204939 0.134109 -0.0369923 -9.60041e-06 0.00340701 0.0229698 0.00719829 -0.000591964 -3.08049e-13 0.000288093 -1.60782e-05 -0.00456294 -0.00932326 -2.26645e-05 0.0753687 5.58088e-07 -3.51178e-07 0.0164362 -0.0299301 -2.48868e-06 -5.72074e-06 5.8029e-05 -5.32024e-09 0.00172749 -4.34565e-05 -5.95682e-07 0.00189909 -2.5252e-07 2.22315e-13 -0.0114739 2.71382e-07 5.16653e-11 -3.48673e-09 -5.33968e-12 -5.0695e-13 -1.302e-07 -9.81358e-08 0.00891335 0.00927055 -0.0258374 3.88513e-06 -0.00193813 -0.000545369 1.10237e-13 0.00958559 -4.25307e-08 0.000481423 -0.00213052 0.0294769 -0.000475668 -0.00636191 0.00479185 -1.30956e-05 0.00084692 -0.000174544 -0.000136307 -2.31026e-11 -1.32323e-07 -9.29949e-07 -0.00756655 5.41631e-05 0.000251838 -6.82069e-09 0.00086009 -0.000976733 0.000261694 -0.0101086 -0.0154808 -0.000747574 0.00629805 7.74445e-05 0.0294987 0.000666796 -0.0291822 -4.16555e-10 0.0149366 -0.00817755 -2.87541e-09 0.0463321 -0.00721105 0.00404319 -1.44453e-05 0.0433079 -0.000947759 -2.34941e-09 4.58951e-06 0.0207881 -0.000174758 -4.45564e-09 0.00152594 -4.30063e-08 0.000880426 -9.64761e-08 -1.07484e-12 0.000348697 8.72025e-12 -1.72818e-05 -0.0106576 -0.000452582 0.00495822 -2.71647e-14 -0.00278787 -9.84068e-05 -9.06787e-06 -0.000739939 6.02195e-10 -0.0649845 4.48865e-07 -2.95263e-06 1.67643e-06 -5.97167e-11 -5.72722e-10 -0.0262 -0.00677073 0.0294059 -0.000120395 1.26575e-10 -0.000746385 -2.13023e-09 0.00823129 -1.81613e-06 -3.16306e-09 -4.42476e-05 6.83497e-05 -0.038737 1.34985e-06 0.000118181 -1.65343e-07 1.44555e-18 -0.00215998 -0.00544687 -6.27786e-06 9.90393e-12 -0.23855 -0.0387591 6.91429e-05 -0.000262157 -0.00928041 -0.000774405 0.000478435 -2.97713e-08 -0.00858637 -9.5336e-05 -0.0283396 0.00142161 -0.00157062 -0.000505926 0.0039226 -0.00823776 0.000916841 5.19369e-07 -1.14903e-16 1.43889e-07 -0.00736892 9.79798e-05 -4.36681e-08 0.000425693 -0.00129717 0.00347644 -0.000408543 -3.10354e-06 -1.38525e-07 -2.24747e-08 0.0309154 0.000232873 0.00244046 -0.0116527 2.82449e-05 -0.0476061 -6.33796e-08 0.0410519 0.00159707 -2.45721e-11 -5.91313e-06 1.46335e-07 0.0484433 -2.78126e-06 3.00442e-09 -0.0144842 0.0129392 1.13728e-17 -0.038599 -4.22036e-08 -0.0191771 -0.000394931 0.000139084 -0.00123857 -0.00032854 5.36446e-09 0.00268256 -0.000101886 0.00441844 -0.0712827 0.0011998 -0.00107398 0.000106251 -0.000304394 -0.0394034 -2.98963e-07 0.000284637 9.26957e-08 -7.40292e-05 0.000547253 -0.0459584 -7.32443e-13 -0.000156979 0.0018152 7.32395e-07 
