Parameters used to generate the architecture:
rdynamics 1
capacity 1
replenish 2375
inflow 400
outflow 100
hsymmetry 0
ecosel 1.4
dispersal 0.01
birth 1
survival 0.8
sexsel 10
matingcost 0.01
ecoscale 5
demesizes 100 0 
nvertices 100 100 100 
nedges 1000 1000 1000 
nchrom 3
mutation 0.0001
recombination 3
allfreq 0.2
scaleA 1 1 1 
scaleD 0 0 0 
scaleI 0 0 0 
scaleE 0 0 0 
skews 1 1 1 
effectshape 1
effectscale 1
interactionshape 0.119
interactionscale 1
dominancevar 1
tburnin 10
tend 10
tsave 200
tfreeze 20001
talkative 0
record 0
datsave 0
choosewhattosave 0
gensave 0
archsave 1
archload 0
parsave 1
archfile arch2.txt
parfile paramlog.txt
orderfile whattosave.txt
logfile log.txt
freezerfile freezer.dat
locifile locivalues.dat
seed 1600941543848612560
ntrials 1000

Architecture:
chromosomes
0.333333 0.666667 1 
traits
1 1 1 0 2 2 2 2 0 1 2 1 1 1 0 2 2 0 1 2 0 2 0 2 1 0 0 2 1 1 2 1 2 0 2 1 1 2 2 1 0 2 1 1 0 2 1 2 0 0 0 2 0 2 2 2 2 1 2 0 0 1 0 0 2 0 0 2 1 0 0 0 1 2 0 0 2 0 2 1 2 1 1 0 1 2 1 0 2 2 2 2 2 1 0 0 0 2 2 1 2 0 2 0 2 2 2 2 1 1 0 1 2 0 0 1 2 1 1 2 0 2 0 0 1 2 1 0 1 2 1 1 2 1 0 0 2 0 1 1 0 0 1 1 0 0 0 0 2 2 1 1 2 2 2 0 0 1 1 1 1 2 0 2 0 2 0 0 1 0 0 0 1 0 1 1 2 2 0 0 0 0 2 2 2 2 2 1 1 1 2 2 1 0 2 0 0 1 2 1 1 0 2 0 2 1 2 1 1 0 1 0 0 2 1 0 0 0 1 2 2 2 2 0 2 0 1 0 0 1 1 1 1 1 1 1 0 1 1 1 2 2 2 1 2 2 0 0 2 0 2 1 0 2 0 1 0 2 1 1 0 1 1 2 2 0 0 0 1 1 0 0 0 1 1 1 2 1 0 0 0 1 1 2 2 1 1 0 1 2 1 2 0 1 2 0 1 0 2 2 
locations
0.00118232 0.00423808 0.00433024 0.00499438 0.00662575 0.00765808 0.0118162 0.0142066 0.0145708 0.0227071 0.0258215 0.0276266 0.0307898 0.0328646 0.0358768 0.0449015 0.0470216 0.0516544 0.0544845 0.0546374 0.0616167 0.0622551 0.0656963 0.0690728 0.0693162 0.0756665 0.0759129 0.0816297 0.0834962 0.0852528 0.0882557 0.0899155 0.0986793 0.103664 0.104112 0.106927 0.113554 0.116811 0.123418 0.124804 0.133138 0.133571 0.136603 0.143771 0.145061 0.145797 0.148099 0.149752 0.150823 0.153053 0.153617 0.157697 0.158363 0.15894 0.160963 0.163032 0.167204 0.16756 0.168545 0.170901 0.174317 0.174651 0.175879 0.178303 0.179768 0.184132 0.187355 0.188201 0.188352 0.191908 0.199417 0.202081 0.207603 0.207908 0.208432 0.211295 0.222981 0.22453 0.232064 0.232985 0.236112 0.236736 0.239706 0.250788 0.257995 0.265039 0.267224 0.268917 0.269445 0.270567 0.27108 0.27178 0.288803 0.29045 0.292838 0.298022 0.302305 0.305707 0.305925 0.309175 0.309922 0.310083 0.318388 0.32394 0.327157 0.335382 0.347234 0.351266 0.351517 0.356466 0.35834 0.359092 0.36132 0.362078 0.364976 0.368457 0.373433 0.373693 0.377685 0.383037 0.384963 0.386717 0.393429 0.395711 0.396165 0.39846 0.399302 0.410221 0.418266 0.419194 0.4231 0.423455 0.425503 0.430475 0.433585 0.437661 0.447034 0.456173 0.456918 0.458201 0.458588 0.461816 0.465469 0.472428 0.472932 0.474923 0.479664 0.481262 0.487176 0.487332 0.488947 0.490644 0.494812 0.496189 0.501815 0.501968 0.515979 0.518783 0.522242 0.523714 0.523987 0.524187 0.528839 0.529611 0.532204 0.535368 0.537452 0.551812 0.559305 0.559498 0.562194 0.563818 0.565577 0.566868 0.568623 0.569544 0.577084 0.589 0.592551 0.593598 0.606992 0.612506 0.621454 0.623436 0.624357 0.627563 0.629057 0.631967 0.633106 0.638298 0.640451 0.640847 0.642446 0.653904 0.662078 0.662219 0.662754 0.663443 0.665724 0.667592 0.676109 0.677547 0.679216 0.688783 0.689606 0.691462 0.696505 0.702781 0.705825 0.70609 0.724178 0.725752 0.727548 0.728138 0.728801 0.729749 0.731226 0.732183 0.734017 0.736153 0.744013 0.745077 0.746957 0.747805 0.748406 0.749962 0.764295 0.764449 0.764837 0.768806 0.776945 0.779815 0.784466 0.791575 0.794912 0.797715 0.806078 0.808078 0.809358 0.810316 0.811725 0.812144 0.815393 0.8265 0.828997 0.83018 0.834866 0.837522 0.845302 0.846456 0.849492 0.852545 0.854013 0.855813 0.864161 0.865513 0.866469 0.871187 0.885794 0.886538 0.892158 0.896338 0.904855 0.90664 0.907723 0.909945 0.91478 0.916682 0.917034 0.920453 0.922163 0.922196 0.93196 0.933238 0.935404 0.937992 0.938078 0.946456 0.948569 0.948703 0.948769 0.951353 0.952649 0.953197 0.953822 0.955387 0.95747 0.961266 0.962284 0.96329 0.966535 0.968716 0.972934 0.973861 0.978246 0.983532 0.991143 0.992722 0.994917 0.996099 
effects
-0.174771 0.214246 -0.110065 0.000869583 0.300849 -0.0644524 0.0899656 -0.00613366 0.0128783 -0.0588512 0.0147626 0.193243 -0.0728757 -0.0484455 -0.00371543 0.0835624 0.00620981 0.123091 0.0572809 0.0186342 -0.00827637 -0.0394341 0.111836 0.0638095 -0.158025 -0.0229316 -0.0269144 0.0323992 0.297719 0.117813 -0.473835 0.0368221 -0.132708 -0.0140098 -0.0194201 0.0444718 0.144228 0.0247374 0.157216 -0.0157698 0.178801 0.267256 0.081042 -0.0634507 -0.071877 0.115897 0.0437981 -0.0237286 -0.0448848 -0.0645642 0.0193669 0.0551812 0.0363072 -0.0441452 -0.00507403 -0.188666 0.0143048 -0.179608 -0.0441664 -0.0141825 0.0933846 -0.0450762 -0.0313707 -0.0926475 0.0650794 -0.045718 0.0379342 0.127633 -0.0266676 -0.0303655 0.0989459 -0.20027 0.0601072 -0.11275 0.030666 0.100609 0.127097 -0.0527871 -0.120267 0.00660432 -0.0774525 -0.018968 -0.0810445 0.0236265 0.0248326 -0.0214875 0.00844884 0.0038772 -0.0199983 -0.0340369 -0.0814191 0.0489641 -0.0038094 0.0763437 -0.0878758 -0.535842 0.190411 0.118932 0.044174 0.0189936 -0.0539685 0.0446463 0.0427064 -0.0917204 -0.0220408 0.0068533 -0.121518 -0.000388379 -0.0764502 -0.140252 0.0267285 -0.000482208 -0.01068 -0.112328 0.019502 0.314496 0.167284 -0.141435 -0.0705861 0.0689214 0.00140932 0.0219166 -0.0537676 0.0151545 -0.064034 -0.00799387 0.0642753 -0.0453918 0.0642118 0.261901 0.107285 -0.0501193 -0.125153 -0.116209 0.1702 0.0184774 0.0876781 0.123808 0.0839452 -0.050146 0.0104355 0.0172533 -0.0939799 -0.0509572 -0.0263763 0.0274185 0.0799999 0.0397154 0.0590164 0.130739 -0.0163419 -0.0247833 -0.0363754 -0.106839 0.00230418 -0.0867202 0.204894 0.0247535 0.111452 0.0287581 0.00146209 -0.0159176 -0.0298024 0.0188995 0.012984 0.00866377 -0.065719 -0.0541226 -0.0258397 0.0767291 0.0838585 -0.0702286 0.0726091 -0.100906 -0.0533783 0.0123144 -0.169594 -0.0213399 0.0993708 -0.259533 0.0187201 -0.0513397 -0.000717747 0.106986 0.0518606 0.0228439 0.0981258 0.0127234 0.0316728 0.0759615 -0.0496868 -0.0173581 -0.0422218 -0.0661001 0.0561756 0.167504 0.0642006 -0.0364132 0.0501589 -0.20145 0.0555511 -0.0755255 0.225286 0.00121017 -0.104737 -0.103434 -0.00131771 0.0452542 0.210439 -0.0677898 0.0771245 0.0454842 -0.088406 -0.0422093 -0.0172852 0.192618 0.159032 0.0371149 -0.0525044 0.0193086 0.019121 0.0574218 0.0642889 0.146762 0.028959 0.00117335 -0.172678 0.0223607 -0.0977895 -0.0208764 -0.177736 -0.136879 0.0312978 -0.0828174 -0.0871664 -0.0189376 0.0224656 -0.109675 -0.0548121 0.0845043 -0.0539546 0.0527192 0.000668503 -0.00979773 0.0770726 -0.0414729 0.0466233 -0.058078 0.0186193 -0.077056 -0.0471814 0.0366431 -0.121388 -0.0421925 0.0120181 -0.105047 -0.0140708 -0.0610241 0.0741324 0.0100992 0.133378 0.0860577 -0.0500759 -0.091494 -0.0401588 0.214325 0.0554572 -0.00372632 -0.174648 -0.0672569 -0.0202883 0.0399385 0.0102408 0.00520809 -0.0603183 -0.0245137 0.0959309 0.155191 -0.0783842 -0.0260952 0.0393913 0.00600298 0.0521938 -0.0526136 0.10857 0.119303 -0.0616514 -0.00346978 0.190658 -0.00568752 -0.0955948 0.043156 -0.000151161 -0.0980893 -0.111334 -0.00121493 0.0576106 0.0307704 0.0740272 0.0335633 
dominances
0.0872303 0.0270168 0.120399 0.060961 0.083822 0.00221647 0.00538693 0.0437418 0.068817 0.073886 0.107576 0.0238602 0.118813 0.092729 0.0446448 0.0858922 0.0641521 0.0340309 0.111077 0.205443 0.00611619 0.0166688 0.0429327 0.329089 0.107468 0.0219379 0.27905 0.0397895 0.109077 0.0311919 0.027596 0.0624172 0.021831 0.0263306 0.0643656 0.00575288 0.017233 0.0884613 0.0344577 0.0659805 0.0439316 0.0756762 0.142762 0.162723 0.0104802 0.019223 0.026845 0.014864 0.0654468 0.0524851 0.244385 0.012469 0.00289888 0.0469766 0.0852596 0.143101 0.191411 0.0329469 0.0855971 0.00450025 0.00824769 0.0261282 0.0839888 0.0761729 0.0708279 0.10266 0.0514289 0.0191448 0.147273 0.0440665 0.0417142 0.138947 0.118356 0.0179632 0.253976 0.21559 0.0459004 0.175151 0.0886134 0.124111 0.145937 0.0106755 0.0380144 0.0389789 0.229981 0.0326476 0.0416791 0.255617 0.0589848 0.0494993 0.0802117 0.0188291 0.0218423 0.101581 0.0773501 0.0854999 0.0858462 0.0402014 0.0775524 0.0174977 0.0447681 0.0696729 0.154155 0.157863 0.121777 0.228974 0.0378658 0.0356443 0.00387141 0.0516703 0.046548 0.173771 0.152705 0.159601 0.0451553 0.0273838 0.118643 0.0290871 0.0662436 0.00737473 0.206552 0.162124 0.0567465 0.0990275 0.0940174 0.123226 0.0518707 0.00329769 0.0898926 0.135911 0.0266601 0.135107 0.0299616 0.116741 0.00483179 0.0805305 0.127295 0.165073 0.0254377 0.0857604 0.00562579 0.0896209 0.220712 0.0247264 0.100222 0.0828815 0.197088 0.0696228 0.00741846 0.0327442 0.043003 0.108973 0.0632982 0.0872566 0.0512404 0.139854 0.0292591 0.0324422 0.000934485 0.0687009 0.00970247 0.0669974 0.0536244 0.177791 0.0139929 0.119576 0.163198 0.0255983 0.0370099 0.181775 0.010573 0.0406976 0.0387987 0.0509357 0.00602208 0.169324 0.0108014 0.140051 0.0565611 0.0539333 0.0623397 0.0854133 0.0332337 0.168606 0.23931 0.0493442 0.254584 0.102396 0.243688 0.035863 0.0713808 0.00776732 0.0813768 0.0565858 0.129932 0.111698 0.060115 0.172756 0.00321797 0.0131423 0.0623081 0.0499003 0.055618 0.0215725 0.0985765 0.0400359 0.0359574 0.103232 0.0331292 0.219438 0.115352 0.0470393 0.0551319 0.0769733 0.18917 0.142514 0.00707745 0.136269 0.0432518 0.0668471 0.0447653 0.063965 0.15913 0.0386198 0.0762726 0.0816438 0.0571823 0.147793 0.0574704 0.105172 0.149351 0.0395183 0.00632508 0.00300743 0.10907 0.0501521 0.0147721 0.0215688 0.0804394 0.0790167 0.00305236 0.0220345 0.0354519 0.140058 0.020616 0.20774 0.0781358 0.0343758 0.008919 0.0283394 0.0753744 0.0257086 0.0318692 0.160186 0.017715 0.000240208 0.070738 0.0606258 0.0182556 0.073728 0.0645532 0.00939646 0.0815151 0.0135214 0.0579741 0.0386077 0.0185914 0.0305875 0.0179757 0.168313 0.102722 0.0412905 0.00902009 0.0848166 0.202435 0.304086 0.0125472 0.0979906 0.0687824 0.00746907 0.116226 0.186703 0.106162 0.0379438 0.0234525 0.134718 0.012369 0.0750275 0.0167291 0.0972247 0.119587 0.00506668 0.0424328 0.0584548 0.0744323 0.0610484 0.0176896 0.161421 0.1394 0.0884859 

network 0 1000
edges0
272 134 272 134 65 272 272 14 134 65 272 65 110 134 14 272 65 179 110 134 14 134 14 272 122 110 179 65 65 179 146 122 272 134 14 110 14 179 65 122 110 280 146 272 134 134 179 110 26 280 14 272 14 65 146 26 179 134 110 122 179 110 279 272 134 280 146 65 122 122 280 26 179 70 134 260 146 14 65 70 26 272 14 179 134 146 279 280 122 110 280 75 70 211 122 26 14 134 260 179 75 280 179 65 146 110 134 26 70 279 260 122 211 14 272 179 280 49 65 122 75 260 70 83 260 65 49 14 122 211 179 279 134 26 110 146 280 83 14 260 270 26 49 146 134 280 77 110 75 122 14 110 280 260 26 77 270 134 179 65 110 179 280 211 14 225 60 272 83 70 26 77 49 65 146 14 260 26 270 110 280 179 279 225 49 26 272 146 179 44 60 14 110 279 272 110 65 83 146 122 26 134 77 179 70 225 75 270 272 179 225 122 65 260 44 74 14 44 134 179 225 146 162 77 280 122 83 74 65 279 260 110 26 272 270 65 260 134 60 83 49 50 87 162 179 272 70 14 280 295 270 134 65 260 146 179 272 87 75 60 270 280 295 134 122 70 279 179 146 225 260 110 49 113 14 83 295 110 60 70 113 279 44 270 260 75 147 225 134 280 295 211 74 74 60 280 272 134 146 279 49 295 14 272 110 134 260 179 65 279 60 134 44 65 77 270 50 14 280 26 137 49 87 260 83 110 134 26 146 225 179 60 141 147 122 70 44 14 65 49 44 134 272 146 225 147 295 270 287 279 141 83 65 44 70 74 225 211 75 49 146 52 26 146 135 120 162 70 270 147 272 164 60 141 162 75 60 146 295 70 122 65 65 60 280 83 134 14 26 162 74 179 164 122 295 52 270 134 44 70 225 146 181 280 295 272 52 60 65 49 26 44 74 75 280 83 270 260 40 49 14 48 135 65 279 297 270 225 162 295 280 48 26 44 134 14 50 260 256 211 40 60 147 74 48 260 110 297 164 162 83 122 83 135 295 44 48 141 249 162 279 287 26 87 70 74 295 52 14 110 137 225 195 44 162 280 292 83 137 227 178 167 256 179 135 295 77 134 110 113 227 225 44 146 211 77 110 272 22 178 279 295 87 122 252 179 146 272 295 270 147 110 260 48 249 22 65 162 134 164 260 49 14 292 295 70 146 287 49 211 147 179 225 287 225 137 14 65 135 179 113 26 134 113 252 280 22 110 74 164 44 166 146 122 49 272 287 279 249 110 50 70 252 280 75 146 14 83 260 279 141 122 75 50 134 26 134 164 113 249 225 65 287 179 22 110 122 52 147 134 44 22 122 110 83 166 211 272 287 49 50 279 75 181 201 162 279 260 164 292 155 49 113 134 8 297 122 44 181 195 26 14 40 280 295 26 211 49 260 181 70 40 270 292 65 246 196 267 122 8 87 113 173 70 252 260 49 195 295 297 135 40 75 70 49 147 260 70 122 87 256 201 225 166 227 249 141 70 287 280 83 135 179 225 74 155 49 145 196 272 48 179 225 147 134 295 44 265 196 52 211 77 270 279 146 70 141 297 40 164 44 228 147 49 260 178 14 272 103 287 181 134 70 227 141 60 225 164 137 252 60 265 280 201 103 203 225 279 249 110 196 50 60 49 114 225 113 260 65 272 216 44 270 147 146 280 287 227 17 26 134 49 146 120 164 249 179 216 225 252 8 60 70 122 155 110 52 77 203 260 60 279 292 113 103 134 252 171 195 228 65 162 216 203 87 181 70 60 17 74 52 135 75 113 146 252 225 48 254 49 270 50 179 279 113 70 146 211 114 134 173 179 228 14 280 75 20 279 215 8 162 292 287 8 122 211 49 137 272 228 74 166 74 225 279 195 123 146 22 14 26 279 83 113 265 166 252 135 77 162 260 270 114 134 25 279 26 70 103 260 77 120 110 270 256 134 114 135 228 146 249 74 50 110 297 212 270 272 166 295 228 156 280 193 44 249 147 141 135 146 279 33 74 145 20 196 17 297 272 141 65 279 287 270 122 178 140 44 179 225 137 217 71 74 173 267 260 179 33 287 247 279 103 77 166 280 26 101 246 22 270 140 178 52 295 60 103 193 280 14 272 49 155 196 216 267 113 22 225 265 181 48 173 110 297 279 137 146 260 135 287 216 83 60 295 155 26 225 40 169 110 164 49 44 145 8 49 134 60 48 137 179 295 65 110 33 122 94 266 212 173 292 74 49 146 83 169 270 195 147 
edges1
134 65 65 14 14 14 110 110 110 110 179 179 179 179 179 122 122 122 122 122 122 146 146 146 146 146 146 146 280 280 280 280 280 280 280 280 26 26 26 26 26 26 26 26 26 279 279 279 279 279 279 70 70 70 70 70 70 70 70 70 260 260 260 260 260 260 260 260 260 211 211 211 211 211 211 211 211 211 75 75 75 75 75 75 75 75 75 75 75 75 83 83 83 83 83 83 83 83 83 83 49 49 49 49 49 49 49 49 49 49 49 49 49 77 77 77 77 77 77 77 77 77 77 270 270 270 270 270 270 270 270 270 270 270 270 270 270 60 60 60 60 60 60 60 60 60 60 60 60 60 225 225 225 225 225 225 225 225 225 225 44 44 44 44 44 44 44 44 44 44 44 44 74 74 74 74 74 74 74 74 74 74 74 74 87 87 87 87 87 87 87 87 87 87 113 113 113 113 113 113 113 113 113 113 113 113 113 162 162 162 162 162 162 162 162 162 162 50 50 50 50 50 50 50 50 50 50 50 50 17 17 17 17 17 295 295 295 295 295 295 295 295 295 295 295 295 295 147 147 147 147 147 147 147 147 147 147 147 147 147 141 141 141 141 141 141 141 141 141 141 141 141 141 141 141 141 137 137 137 137 137 137 137 137 120 120 120 120 120 120 120 120 120 48 48 48 48 48 48 48 48 287 287 287 287 287 287 287 287 287 287 297 297 297 297 297 297 297 297 297 297 297 297 297 297 135 135 135 135 135 135 135 135 135 135 135 135 135 52 52 52 52 52 52 52 52 52 52 164 164 164 164 164 164 164 164 164 164 164 164 164 164 164 40 40 40 40 40 40 40 40 40 40 256 256 256 256 256 256 256 256 256 181 181 181 181 181 181 292 292 292 292 292 292 292 292 292 292 292 292 292 292 292 292 8 8 8 8 8 8 8 8 8 8 8 8 8 195 195 195 195 195 195 195 195 252 252 252 252 252 252 252 252 252 252 252 252 252 249 249 249 249 249 249 249 249 249 249 249 249 249 178 178 178 178 178 178 178 167 167 167 167 167 167 167 167 227 227 227 227 227 227 227 227 227 227 22 22 22 22 22 22 22 22 22 22 22 22 22 114 114 114 114 114 114 114 114 114 114 114 114 114 114 216 216 216 216 216 216 216 216 216 216 216 216 216 254 254 254 254 254 254 201 201 201 201 201 201 201 201 201 201 201 166 166 166 166 166 166 166 166 166 166 196 196 196 196 196 196 196 196 196 196 196 71 71 71 71 71 71 71 71 71 71 71 145 145 145 145 145 145 145 145 145 145 145 267 267 267 267 267 267 267 267 267 267 267 267 267 155 155 155 155 155 155 155 155 155 155 155 155 155 246 246 246 246 246 173 173 173 173 173 173 173 173 173 173 173 173 173 173 173 173 173 173 212 212 212 212 212 212 212 212 212 212 212 123 123 123 123 123 123 123 123 123 203 203 203 203 203 203 203 203 203 103 103 103 103 103 103 103 103 103 103 103 103 228 228 228 228 228 228 228 228 228 265 265 265 265 265 265 265 265 265 265 265 20 20 20 20 20 20 20 20 20 20 20 20 20 193 193 193 193 193 193 193 193 193 193 209 209 209 209 209 209 209 25 25 25 25 25 25 171 171 171 171 171 171 171 171 171 171 217 217 217 217 217 180 180 180 180 180 180 180 180 180 180 180 180 180 180 180 59 59 59 59 59 59 59 59 59 59 59 62 62 62 62 62 62 62 62 62 62 33 33 33 33 33 33 33 33 33 33 33 33 33 69 69 69 69 69 69 69 69 69 69 69 215 215 215 215 215 215 215 215 215 215 215 215 215 215 236 236 236 236 236 236 236 236 236 236 236 236 278 278 278 278 278 278 278 278 156 156 156 156 156 156 156 156 247 247 247 247 247 247 247 247 247 96 96 96 96 96 96 96 96 96 96 101 101 101 101 101 101 101 3 3 3 3 3 3 3 3 140 140 140 140 140 140 140 140 140 140 140 140 140 140 140 127 127 127 127 127 127 127 127 127 266 266 266 266 266 266 266 266 266 266 266 266 223 223 223 223 223 223 223 223 94 94 94 94 94 94 94 94 169 169 169 169 169 169 169 169 169 169 271 271 271 271 271 271 271 271 271 271 95 95 95 95 95 95 95 95 95 95 95 144 144 144 144 144 144 144 144 144 144 170 170 170 170 170 170 170 170 170 66 66 66 66 66 66 66 66 66 66 66 66 63 63 63 63 63 63 63 63 63 63 63 63 63 
weights
8.43247e-12 -1.34771e-05 -1.06236e-07 4.58862e-06 -0.00158841 0.0639767 5.41438e-10 0.0137097 1.13516e-07 -0.0029369 3.42917e-07 -0.00014823 0.00145747 -1.16422e-10 0.0041672 2.47602e-05 2.56273e-14 0.00206548 1.86784e-05 5.32264e-05 -3.28638e-07 0.0283423 -0.0515271 -5.46512e-05 -1.99529e-08 0.000824648 0.0039687 2.36131e-08 -4.45162e-10 -4.71028e-12 3.73341e-09 3.2806e-09 -5.47127e-08 3.26273e-05 1.93872e-06 2.09827e-05 0.00260364 9.44948e-09 6.28938e-07 -0.00303317 -2.31817e-05 -3.18243e-07 0.00182271 -0.0110151 1.67763e-10 3.71167e-23 -0.000615551 -0.142974 1.79317e-09 -0.000793105 -0.0796347 0.00184032 -1.46467e-10 -0.0155264 -6.21648e-14 -7.96906e-05 -0.0101431 0.00163809 0.0178803 1.81838e-09 -0.0908604 0.000365053 -5.79401e-05 -8.36774e-11 3.68104e-05 0.0547647 0.0489001 0.0301113 -4.02223e-06 -5.28774e-10 -0.0108139 -2.21977e-07 7.16474e-05 -0.00452721 0.0305521 -0.0030462 -0.00107887 8.16953e-05 2.08324e-09 -0.0253204 0.00267597 2.47831e-07 0.459746 0.00445541 -0.00853593 -0.000418211 -0.228514 0.00291975 3.68902e-05 -1.00315e-11 0.00130403 0.160864 -0.0435594 -0.124331 -0.0109333 -4.71272e-07 0.0151524 -0.00534271 -0.098721 0.000639907 -0.0011294 -0.0130094 8.74911e-10 0.000439863 9.85101e-09 -2.54764e-22 0.00317565 0.00188512 -0.00890757 6.06799e-08 -0.00631032 -3.3549e-05 -4.02136e-09 0.000278262 2.73345e-11 -8.60415e-08 0.0587049 4.57062e-06 -0.00231933 0.0200993 -0.0281245 1.11513e-06 3.3369e-05 -0.00213056 -7.78808e-15 0.0391046 -0.00264682 1.73394e-08 -0.000504591 0.0377916 -4.35965e-06 1.7125e-07 0.000132232 -2.74461e-05 -7.83218e-05 -1.44273e-15 0.00505256 3.63364e-06 0.00115468 -1.81614e-06 -1.73369e-07 -8.46974e-14 -1.67545e-06 3.83238e-07 1.37663e-12 0.0212899 -0.000257441 -4.00283e-07 0.152719 -3.47919e-06 2.03432e-09 -0.0116096 0.002904 1.89466e-07 3.32106e-07 -4.45883e-06 -0.0671547 0.00126199 -0.0105208 -9.26996e-08 -8.39121e-05 -8.39915e-05 1.12146e-09 -1.37092e-08 -8.57762e-05 0.024758 -2.26021e-07 -0.00122243 -0.0163644 2.68916e-08 0.00364022 8.95801e-05 0.000413755 2.2261e-05 -0.00160956 -0.0790474 -0.00362453 -0.000509167 -0.0068596 5.14589e-05 6.88794e-13 -4.23646e-16 -0.000767242 1.59432e-15 -7.78786e-17 0.0728727 -1.02651e-05 0.000112257 -8.06314e-05 4.74698e-07 -3.24022e-06 -0.000457219 2.99884e-08 -0.0297456 3.70706e-06 -0.000282768 -0.021095 0.000119825 -0.006658 -0.000845503 0.000282247 -1.50554e-07 -0.0010277 1.30004e-07 5.08142e-08 -3.96975e-06 -0.149566 -5.98171e-09 -4.91783e-10 0.00031048 -0.000864256 -0.0454067 -0.000389937 -4.19589e-05 0.0765565 -0.00181834 -9.61873e-08 8.42584e-05 1.64318e-05 8.40202e-06 0.00034031 0.131948 -0.0075705 0.0168596 8.54874e-16 -0.0196898 -2.36484e-10 1.79781e-09 0.00681658 -0.00223391 -0.000623204 0.0429576 -4.75726e-06 0.000517616 -0.00272693 5.3451e-17 4.25818e-09 -0.000237744 0.0215124 -0.00328174 0.000185159 -0.0159992 8.85257e-05 5.16813e-05 0.00212743 -3.97375e-06 2.45398e-05 0.00016691 -0.00026786 0.00124055 9.90689e-05 -7.26327e-12 1.91601e-12 1.929e-07 -7.23607e-07 1.64203e-09 0.00123391 3.40946e-13 1.39281e-09 -0.00672784 3.54476e-05 -1.31252e-05 -0.00057697 6.08589e-13 -0.000679251 -5.0404e-07 0.000758117 2.95735e-09 -4.94108e-07 -3.47917e-08 -0.0102801 4.05574e-08 0.0178884 7.6123e-06 -0.000189571 0.0123334 0.00167835 2.96211e-13 -3.00059e-09 0.000235538 -1.93925e-12 -0.0223749 0.00221468 0.00856704 -4.76352e-06 -0.00044219 -0.00368259 0.183396 6.09758e-08 -0.0180979 -1.40031e-08 0.0513921 -0.000106121 0.116289 -1.66968e-06 8.51662e-07 0.000142858 0.00143934 -0.0040817 0.00114163 -2.07772e-07 -1.04676e-05 2.0227e-08 -0.0010002 -0.000102428 -6.87276e-05 -8.84907e-09 -0.0064587 -0.000270331 0.00018909 -0.0294661 -0.0149668 0.0353021 -0.000975104 4.94573e-08 -0.0372887 2.46434e-09 -1.79966e-06 -0.0120306 0.00175165 9.08542e-10 -0.000405695 0.123289 -0.00020661 2.05607e-07 -1.62388e-14 -0.00380927 6.75596e-07 -4.81791e-10 -3.78995e-16 3.65814e-18 3.67868e-09 -0.00749172 0.00927342 6.74321e-08 0.00596312 -0.117988 1.32956e-07 -7.51004e-07 -4.70173e-12 0.000724414 0.0499035 4.06654e-06 -1.39442e-07 0.0381421 6.74833e-08 0.0397149 0.0210054 -4.17471e-08 -0.155734 -0.00568495 0.0740036 -0.016681 -3.12713e-05 9.19433e-07 -9.35864e-08 -0.00271814 0.0142506 5.91992e-14 -0.00520327 -0.0217363 -0.00316247 5.69463e-14 -0.0777848 -0.0187409 0.000160198 -9.6154e-07 -6.64784e-06 0.00290578 -0.000931055 4.38116e-05 1.7245e-14 4.28936e-05 2.32809e-08 -0.073129 -1.76575e-09 1.51958e-08 -2.41638e-05 -2.17211e-07 1.93099e-06 5.0112e-05 0.00953438 -5.36944e-08 0.00409273 -2.10874e-08 -3.18323e-09 0.000366136 -2.60539e-06 -0.00519113 -0.063755 -9.53758e-06 -4.78221e-08 0.000118674 1.1113e-07 -3.17342e-12 -0.00349226 -9.49934e-06 0.0072662 -2.12854e-06 -0.000553509 -2.48336e-08 -6.71316e-09 1.99888e-06 7.79425e-05 -3.44971e-11 -4.66763e-05 0.00026431 0.0841334 -6.58253e-11 3.50285e-18 -1.65903e-06 0.0023897 -0.000126859 -2.79415e-09 -0.00118939 -0.047742 -0.000426024 -1.21622e-07 0.00339625 -0.000666893 -0.0143682 4.03859e-06 -6.67798e-11 0.000642771 5.81088e-05 0.00110641 2.541e-05 0.224724 -0.00687787 0.00224091 -1.82499e-06 -0.000593894 -4.70217e-12 4.8791e-05 0.00267529 -0.000764542 -2.6514e-06 -3.04335e-15 0.00138491 -5.40796e-09 -1.32531e-06 6.1332e-05 -4.34813e-13 0.000612668 0.000198926 -0.0241063 0.00923793 8.3025e-05 3.08342e-07 0.00378946 -0.00478787 -1.06891e-11 0.00913393 -0.00276206 5.13053e-09 1.59979e-05 1.22745e-10 -1.44383e-05 -1.06223e-08 0.000180994 0.0821565 0.0337135 6.98874e-07 1.69312e-09 -0.00220999 0.0473321 0.00202 4.81405e-11 0.0063921 -0.000143728 -0.0334988 0.000620145 -0.0191511 0.00504518 1.16541e-06 -6.94879e-10 0.000603027 -7.38179e-05 -0.000261789 -0.000193879 6.44113e-05 2.29723e-06 -0.0777252 -0.0649955 9.23e-05 0.0020547 5.33032e-08 0.00823077 4.16881e-22 5.66538e-06 -0.0130258 1.56637e-05 0.00166406 -9.08992e-17 4.19231e-08 -3.41723e-07 4.58637e-06 0.0115122 0.0100993 -0.00851546 -6.77331e-06 -3.10402e-06 -1.34557e-05 3.34105e-13 -0.000282318 0.00243641 0.00957209 -1.56631e-08 0.0151314 -4.4686e-07 -0.0224255 -2.61808e-06 8.00228e-07 -7.12314e-07 0.00790902 0.0514978 -5.27365e-07 0.00348025 0.00015716 -0.000121362 -9.26812e-06 -0.00484288 0.000123239 2.22654e-05 8.94536e-05 1.51801e-09 0.000127897 -2.74618e-12 -0.0754711 -7.21685e-05 0.0800571 2.36206e-06 1.29815e-06 -0.0031987 1.73506e-08 0.000231652 0.0076838 0.00013463 0.0911452 0.00216316 -9.47837e-11 0.0237806 1.3277e-05 -1.56624e-05 0.134988 0.0151163 0.000294734 -0.0182607 -0.00157506 -0.021534 6.38268e-08 0.000362966 -7.11656e-06 -7.07954e-05 0.000220321 1.76448e-06 -3.93882e-06 -7.20367e-10 -1.05007e-08 0.00110743 -0.000728346 -9.49407e-07 0.00390346 -0.0131192 -5.85232e-06 -0.0293619 -0.00203917 -0.0736271 0.0402455 0.00470556 -2.02303e-06 0.000124089 -8.21474e-11 0.1491 0.0210314 1.12062e-13 -0.00428381 -0.00123593 -0.00933751 -0.000394393 -0.00209029 -1.02731e-09 -0.000159142 2.36226e-12 5.67588e-14 -3.85861e-06 6.9207e-06 -9.52414e-05 3.9197e-10 0.000178918 -3.21409e-08 -0.00904079 0.000175729 5.28832e-10 2.86883e-10 0.00545612 2.35861e-07 -0.0096127 -0.00812407 -0.00183673 -1.28084e-09 1.557e-05 2.1853e-11 -0.00666169 -0.000250699 -0.023611 -5.59052e-05 -0.0279137 1.91394e-10 1.43521e-09 0.000633616 1.63587e-06 -0.000477544 -0.00012786 -0.00290974 4.01207e-10 -4.52198e-15 6.44052e-06 -2.25226e-05 3.19163e-09 0.000235526 -0.00226808 0.00160553 -2.29221e-05 -0.00114896 -7.91066e-06 0.0002525 -0.037921 -6.14397e-12 -6.02024e-08 0.00490417 0.000839402 -4.5796e-16 -0.000517644 1.1289e-08 -0.0604865 -3.6286e-08 -0.136327 -7.7068e-11 0.000202789 -0.0169972 -1.16272e-05 -1.0064e-06 7.15615e-08 0.0397166 -5.18776e-08 0.0125139 2.93462e-09 -7.89074e-05 1.3713e-07 -5.20916e-08 -0.00842843 -0.00556505 7.38089e-10 0.0194398 -1.97781e-05 3.26547e-13 4.29361e-05 -0.0298282 -1.71847e-12 -0.00427426 4.84803e-09 -1.52273e-16 -1.88317e-12 0.00404684 -2.71154e-07 -3.79752e-07 -4.35838e-12 1.77785e-06 -8.74957e-12 0.000202863 0.0618392 0.00762139 0.0146897 0.000445343 0.054981 -7.52871e-06 0.011459 -0.000723306 0.000655643 -1.48897e-07 3.22865e-10 -0.0038337 -1.76475e-07 -7.84344e-08 0.0363366 -0.000124971 -0.0884436 0.000102095 1.67876e-09 0.0711719 -0.00104943 0.0598746 -0.000633239 -1.37809e-08 0.149409 -0.0184819 1.08905e-10 -0.0760218 7.57733e-13 -1.49327e-09 -0.0002304 -1.45133e-10 0.000233629 0.0137867 -1.35768e-05 -4.67329e-07 3.24681e-06 -4.75376e-05 -0.00135131 7.81682e-06 1.2468e-05 -2.38122e-06 3.19926e-07 -5.01286e-09 4.4121e-10 0.000376194 0.00018883 -0.0121068 -1.78865e-07 0.000251882 0.0198851 1.69396e-12 -1.13768e-06 -0.0681188 -6.70844e-06 -1.70139e-12 8.50305e-06 -1.95965e-09 1.52449e-26 0.136108 1.34267e-05 0.000329993 0.0115457 -0.000742175 -7.02082e-05 -0.000209371 -0.000112349 -1.85801e-11 -9.02732e-05 -0.0302687 -0.0235804 0.0133165 5.89312e-09 -0.0116894 0.0288253 -0.00046141 8.15136e-07 1.26505e-08 0.0227144 -7.57673e-05 4.33328e-05 -0.000330732 1.62661e-05 1.18927e-08 -7.60782e-09 0.0168164 0.0148341 1.13272e-06 9.80219e-07 -0.0143022 0.000537405 -0.0175075 -0.0004034 -0.00091241 8.26529e-09 0.0314866 -0.00528224 4.38689e-13 1.37109e-10 7.94196e-16 1.4351e-09 0.0457165 0.00431937 3.14903e-07 -3.29591e-09 -3.04603e-05 -1.52575e-08 2.18358e-09 -0.0189964 9.25471e-05 -4.66572e-23 -2.58105e-06 -0.0020279 -0.0366769 4.80858e-09 1.30037e-12 0.0439812 0.00837521 0.0802995 -2.02405e-05 -0.192757 -2.10461e-05 4.99385e-06 -0.000859806 -1.14917e-06 0.00270662 0.00012699 7.60938e-05 -1.95389e-09 -4.39767e-11 0.00142979 9.9123e-05 0.041797 0.00858999 3.78443e-11 -0.0016618 0.000376968 3.21686e-09 -0.00375818 -0.0003201 0.000202124 -3.60738e-06 -2.95036e-07 0.0173987 -0.0284996 -0.00116941 -3.81437e-12 0.00124678 2.1985e-09 -3.47814e-06 -3.82315e-15 1.78512e-07 -9.50176e-13 -4.22594e-07 -4.21126e-05 0.000970618 8.95991e-10 -7.99161e-16 0.00663014 1.10278e-06 1.46895e-08 -4.73346e-11 3.07034e-15 1.27693e-06 -0.00506151 1.59143e-12 3.95836e-05 -0.0014141 0.000813761 -0.0989353 -2.18592e-09 0.000126972 0.00161479 8.30315e-16 -1.45778e-05 1.8326e-06 0.0139177 -0.00131148 -2.0851e-06 0.0147001 -5.47992e-05 -0.0346949 -1.46895e-07 0.00423858 -0.00204806 0.000283199 -0.00245756 7.49431e-08 -9.15653e-10 5.03276e-05 -1.11871e-06 -8.60658e-08 -0.0212543 8.6168e-06 -0.00511474 2.81893e-08 -0.00311811 0.000241024 -0.0625169 0.00179449 -0.00169954 -3.45564e-07 0.000202343 -0.0622073 -2.02894e-05 1.28347e-05 -7.94909e-11 -0.000124833 -1.86345e-13 0.00915808 -0.000742104 0.00255379 0.000110701 0.0438657 -0.00160324 -0.0529215 -1.90971e-06 0.0234822 5.4946e-06 8.74039e-06 -2.20549e-05 3.33591e-16 6.99142e-05 -1.47487e-13 -0.000339737 6.01083e-11 0.000104746 0.00341349 0.0140658 -8.85532e-23 1.57699e-13 0.00105725 4.60905e-13 1.64907e-09 0.000151073 7.08164e-07 -0.0284301 0.0332994 2.23811e-07 2.26363e-06 -1.31857e-05 5.86981e-13 -0.00970712 -0.0478998 0.00676058 1.67891e-05 -0.00346032 -0.000667943 0.0523935 -0.00385546 0.0167466 -1.70276e-05 -1.16154e-14 0.000636095 7.34488e-08 1.68831e-09 -0.000193738 -4.81669e-05 0.0612508 -0.00439971 4.79411e-06 8.44127e-09 -0.0245789 -0.0202286 -0.0178834 -0.00106171 0.0441657 0.0171029 1.73527e-06 -1.00623e-19 5.86832e-07 -6.52898e-10 -6.24103e-05 0.00253483 2.59004e-07 -0.000140878 -0.0645899 -9.30059e-07 4.35556e-10 0.0360778 1.30832e-05 2.92292e-05 4.57224e-06 4.6549e-25 9.20792e-05 2.65405e-08 3.2731e-05 -2.95673e-06 -0.0549523 -0.000166377 4.80685e-06 -3.62794e-06 -0.109927 0.00011485 0.000624894 -3.67393e-06 -2.68934e-08 8.42936e-06 -1.20457e-05 0.00281029 -1.57395e-06 -3.80733e-06 0.000487559 3.84326e-05 -1.60699e-16 -0.000445983 3.03204e-07 -0.0341903 1.62944e-06 -2.52101e-26 0.0130138 0.0621404 0.00238364 -0.00166782 -3.33051e-07 0.00120683 0.0493625 -2.75073e-05 0.000347729 1.61383e-05 -1.6274e-05 -0.0117166 -0.00183965 -9.26539e-06 0.000128467 3.18058e-13 -0.0029946 0.0427946 7.46091e-05 

network 1 1000
edges0
214 214 205 205 208 214 0 208 214 205 205 208 168 214 0 168 214 205 0 208 42 0 205 108 214 208 168 42 108 210 168 42 0 168 42 108 84 0 208 205 210 214 42 205 108 214 208 31 0 168 210 84 168 214 108 208 210 39 205 42 84 31 0 124 205 210 31 168 31 205 39 108 115 208 214 42 0 210 84 124 168 277 214 31 0 210 124 205 208 168 39 31 214 42 168 61 208 115 124 108 277 214 0 168 39 277 115 42 31 31 108 210 0 39 168 115 84 42 124 277 61 42 277 174 115 124 31 115 39 208 174 46 84 124 277 11 168 205 214 251 61 174 168 0 84 124 31 277 214 115 205 174 39 168 277 31 84 11 210 84 277 39 251 61 205 46 124 214 208 174 42 115 39 133 93 31 124 210 174 251 214 277 108 133 210 210 11 42 214 277 259 133 214 31 115 168 277 296 251 205 93 174 277 31 46 210 39 124 108 205 0 93 174 259 39 168 115 46 93 205 214 296 142 84 174 124 277 42 0 118 31 168 214 93 108 168 142 0 210 205 251 124 259 31 115 93 277 296 1 108 168 31 0 42 28 174 133 142 108 39 133 168 259 46 93 61 124 174 31 124 205 251 142 93 208 0 99 115 133 174 231 259 142 277 293 0 31 99 208 142 208 1 293 84 11 93 2 99 133 286 18 205 210 31 277 214 168 208 117 39 31 93 174 133 210 46 172 277 31 108 99 42 139 0 133 168 174 39 296 42 208 174 124 210 117 277 46 31 233 172 1 251 2 115 259 286 168 210 251 205 174 233 259 277 31 39 118 210 124 46 42 133 208 118 159 286 117 61 133 93 142 124 115 139 84 108 117 115 174 31 210 28 259 0 124 277 36 99 57 168 28 39 108 251 205 1 133 210 93 259 115 31 174 286 130 133 210 259 296 31 205 205 210 139 39 115 18 124 108 42 214 160 31 57 139 168 210 205 9 99 42 130 160 28 205 42 28 172 277 139 251 108 117 199 39 142 42 31 130 174 124 84 205 108 93 293 133 46 290 199 2 277 172 174 174 286 46 0 117 84 124 208 128 31 128 168 2 199 117 124 251 139 61 133 39 108 42 208 31 205 117 168 142 259 93 214 84 133 61 259 11 31 243 277 159 189 174 99 124 108 142 0 293 277 175 115 199 128 115 238 31 0 277 93 117 142 277 0 285 133 174 115 208 61 108 42 1 251 210 118 130 205 214 57 115 117 79 133 285 128 39 168 251 108 130 210 285 238 84 139 117 93 1 84 187 108 231 31 82 251 42 259 128 130 207 28 124 133 290 79 61 168 208 118 130 39 93 117 84 239 82 214 2 174 31 243 1 108 207 46 277 233 174 93 290 142 128 46 39 133 262 251 79 239 207 0 1 189 42 84 143 124 269 277 281 99 117 214 172 175 0 31 175 277 239 293 9 251 159 61 205 259 93 1 128 133 174 139 84 31 174 128 282 168 28 124 133 61 99 46 262 251 159 115 205 168 285 1 174 238 205 168 199 117 108 251 230 205 207 143 128 230 251 108 115 1 42 168 84 159 133 175 174 9 36 39 233 128 117 262 29 31 230 99 150 31 130 93 168 199 36 282 142 29 0 251 231 277 293 175 99 36 207 296 117 42 1 18 231 210 208 39 160 207 231 286 108 130 160 277 174 28 150 42 285 24 210 42 286 99 142 157 82 207 205 214 0 84 168 124 251 130 189 18 262 139 282 108 0 28 234 133 108 197 126 239 84 139 281 117 210 172 142 124 39 42 233 117 199 259 210 84 18 61 290 84 57 31 172 118 46 139 208 205 259 68 29 0 238 277 1 84 218 208 159 143 231 1 0 124 168 99 207 275 175 172 28 277 42 168 239 61 205 109 12 199 210 174 286 57 259 133 172 207 31 18 200 187 268 277 24 239 282 124 61 42 118 189 159 210 39 269 143 296 208 124 42 82 93 28 200 118 168 268 243 234 187 111 277 124 251 39 187 84 108 199 188 210 282 82 208 36 174 286 68 108 296 168 29 235 277 81 139 18 150 124 79 239 160 28 2 286 210 262 277 142 124 108 117 214 285 115 31 238 36 286 29 205 269 210 174 255 277 259 130 218 189 277 133 281 13 111 208 18 82 189 126 46 0 251 68 261 205 207 277 239 9 84 187 138 117 81 282 214 13 174 269 61 35 46 2 288 235 93 274 109 229 187 290 12 130 133 118 205 138 2 269 200 31 207 290 133 1 115 232 128 174 142 205 39 
edges1
205 208 208 0 0 0 168 168 168 168 42 42 42 42 42 108 108 108 108 108 108 210 210 210 210 210 210 210 84 84 84 84 84 31 31 31 31 31 31 31 31 31 39 39 39 39 39 39 39 39 39 39 124 124 124 124 124 124 124 124 124 124 124 115 115 115 115 115 277 277 277 277 277 277 277 277 277 277 277 277 277 61 61 61 61 61 61 61 61 61 61 46 46 46 46 46 46 46 46 46 46 118 118 118 118 118 118 118 118 174 174 174 174 174 174 174 174 174 174 174 11 11 11 11 11 11 251 251 251 251 251 251 251 251 251 251 251 251 93 93 93 93 93 93 93 93 93 93 133 133 133 133 133 133 133 133 133 133 259 259 259 259 259 259 259 259 259 296 296 296 296 296 296 296 296 296 296 296 159 159 159 159 159 159 159 28 28 28 28 28 28 28 142 142 142 142 142 142 142 142 142 142 1 1 1 1 1 1 1 1 1 1 1 231 231 231 231 231 231 99 99 99 99 99 99 99 99 99 99 99 99 99 2 2 2 2 2 2 2 2 2 2 2 2 2 18 18 18 18 18 18 18 18 18 18 18 18 18 286 286 286 286 286 286 286 286 286 286 293 293 293 293 293 293 293 293 293 172 172 172 172 172 172 172 172 172 172 172 172 117 117 117 117 117 117 117 117 117 117 117 117 117 117 117 117 139 139 139 139 139 139 139 139 139 139 139 139 139 233 233 233 233 233 233 233 233 233 233 233 130 130 130 130 130 130 130 130 130 130 130 130 130 130 130 130 130 36 36 36 36 36 36 36 36 36 36 36 160 160 160 160 160 160 160 160 160 160 160 243 243 243 243 243 243 57 57 57 57 57 57 57 57 57 57 57 57 57 128 128 128 128 128 128 128 128 128 128 128 128 128 128 128 128 175 175 175 175 175 175 175 175 9 9 9 9 9 9 9 9 9 9 9 9 9 82 82 82 82 82 82 82 82 82 82 199 199 199 199 199 199 199 199 199 290 290 290 290 290 290 290 290 290 290 290 29 29 29 29 29 29 29 29 29 29 189 189 189 189 189 189 189 189 189 189 238 238 238 238 238 238 238 238 238 238 285 285 285 285 285 285 285 285 285 285 285 285 285 281 281 281 281 281 281 281 281 281 281 281 281 281 79 79 79 79 79 79 13 13 13 13 13 13 13 262 262 262 262 262 262 262 262 262 262 262 262 262 207 207 207 207 207 207 207 207 207 207 207 207 207 207 187 187 187 187 187 187 187 187 187 239 239 239 239 239 239 239 239 239 239 239 239 239 239 239 143 143 143 143 143 143 143 143 143 143 143 143 143 143 143 143 143 197 197 197 197 197 197 230 230 230 230 230 230 230 230 269 269 269 269 269 269 269 269 269 269 269 269 269 68 68 68 68 68 68 68 68 68 68 68 68 282 282 282 282 282 282 282 282 282 282 282 282 282 282 282 282 282 282 109 109 109 109 109 109 109 109 109 109 109 138 138 138 138 138 138 138 138 138 157 157 157 157 157 157 157 157 157 35 35 35 35 35 35 35 35 150 150 150 150 150 150 150 150 150 150 150 126 126 126 126 126 126 268 268 268 268 268 268 268 268 268 268 268 268 268 268 268 234 234 234 234 234 234 234 234 234 234 234 234 24 24 24 24 24 24 24 255 255 255 255 255 255 255 255 255 43 43 43 43 43 43 43 43 237 237 237 237 237 237 237 275 275 275 275 275 275 275 275 275 275 275 218 218 218 218 218 218 218 218 218 218 218 232 232 232 232 232 232 232 232 232 232 232 232 232 188 188 188 188 188 188 188 188 188 188 188 188 188 188 188 188 12 12 12 12 12 111 111 111 111 111 111 111 111 111 111 111 200 200 200 200 200 200 200 200 200 200 200 200 229 229 229 229 229 229 229 229 229 229 235 235 235 235 235 235 235 235 235 192 192 192 192 192 192 192 192 192 192 72 72 72 72 72 72 72 72 72 72 72 274 274 274 274 274 274 274 274 274 274 274 274 274 81 81 81 81 81 81 81 81 288 288 288 288 288 288 288 288 288 258 258 258 258 258 258 258 258 258 258 258 258 258 258 261 261 261 261 261 261 261 261 261 261 261 131 131 131 131 131 131 131 226 226 226 226 226 226 226 226 226 226 226 226 226 86 86 86 86 86 86 86 86 86 86 151 151 151 151 151 151 151 151 151 151 151 158 158 158 158 158 158 158 158 158 158 273 273 273 273 273 273 273 273 273 273 273 273 273 273 273 
weights
3.82483e-06 -9.89475e-11 4.31673e-06 -1.02656e-08 6.97394e-07 -0.107242 0.00593953 -0.000930627 0.00311291 -0.000964566 0.0132843 5.84295e-12 -0.00631298 0.00288531 -0.000193551 3.53701e-09 0.00318068 0.0066104 -0.0006898 0.00693128 0.00861984 -1.93852e-09 -0.022478 0.141051 -1.11349e-06 0.000231414 2.88843e-05 2.18841e-08 1.45896e-05 -4.21738e-12 -0.000576449 -0.000144402 -0.209308 5.48685e-13 0.0118554 0.134517 -0.000586654 -1.74038e-05 0.00274696 2.74733e-05 0.000238281 5.12758e-05 -2.79153e-07 -6.54443e-10 -0.083892 -0.0012699 6.94578e-05 -4.85164e-08 -0.000604863 -2.11399e-05 0.00231769 7.92283e-07 0.0776568 4.10808e-05 0.0408701 -0.0122631 -5.02449e-05 0.000251882 9.35254e-11 0.00277516 -2.89611e-05 -0.00110843 3.32312e-06 -8.23786e-09 -6.2401e-08 0.00239327 -0.00245397 1.69393e-06 -1.12434e-06 -0.0120053 0.112205 2.91129e-07 2.83121e-07 0.00646568 6.95298e-14 3.56403e-06 -4.77414e-10 -7.17489e-19 -0.000334225 -0.00185106 -0.000165579 6.20927e-12 -0.000368912 -3.6663e-06 -0.000481894 -0.000667191 0.0189832 -8.49049e-14 -7.32932e-05 3.64155e-10 0.00978748 -2.73773e-09 -0.00093328 -3.4617e-13 -1.51468e-05 0.0484364 -6.04721e-14 -3.38061e-06 -0.000179349 -2.60693e-06 -5.867e-05 0.0133621 -1.45761e-13 0.0562061 -0.000591037 -0.0013876 5.73644e-06 -8.05553e-09 -0.00977785 0.00118705 3.8983e-05 -4.08863e-11 0.00108954 0.000183487 0.00416758 -0.000136119 -0.00276027 -0.0107486 -0.140953 1.54847e-08 -3.60627e-10 -3.63192e-11 -2.41027e-10 1.1322e-06 -0.00363816 -1.39563e-11 -0.000442087 -0.00120078 -0.0454098 -0.138942 0.00067816 0.0202093 0.0233652 -0.000395054 -0.000924973 -0.0304309 0.00172717 9.97036e-05 1.81919e-05 -0.000351501 0.000330765 0.00125907 -0.0069194 2.23986e-07 0.00136213 -2.58724e-10 -4.43389e-09 -6.26065e-07 0.138374 0.00030461 0.0239447 8.85581e-06 1.25298e-17 0.0173938 4.83423e-08 -3.09127e-14 1.48148e-05 -0.000627368 0.106479 -2.22876e-06 1.62174e-06 -0.000298064 -7.79471e-10 -0.00191826 0.000172559 -3.50764e-08 1.28647e-05 -0.0686042 -6.22558e-07 -7.60072e-12 0.0195883 0.00155158 -0.00556158 0.0137027 3.39057e-06 -1.10996e-06 -1.61509e-14 0.126489 -7.0286e-16 0.00181641 2.16298e-06 -8.1019e-08 0.0334111 -1.88861e-05 -1.65556e-08 5.45711e-08 -0.000357309 0.000114378 -0.00181795 -1.19389e-05 6.71718e-08 0.000130835 0.000270417 0.10291 2.87538e-06 0.000210664 -0.0458546 -2.81881e-07 3.98687e-08 -0.0296008 -2.45015e-08 4.29171e-09 -0.000203068 -5.00066e-07 -4.12889e-07 -4.52349e-05 -1.98809e-08 -0.00155287 8.29237e-07 -5.11346e-05 -0.00794447 -0.00516055 -4.91905e-05 -7.64164e-06 0.00097877 3.88161e-08 4.72066e-15 0.110273 0.038867 0.0124822 3.89933e-09 -0.00757488 -0.0100476 -2.7418e-11 -0.0291569 -3.25681e-08 -1.97583e-08 -0.000199198 -5.34017e-06 0.00271124 0.00126901 -0.00159842 -7.52489e-06 -1.53577e-08 2.14292e-10 -2.25853e-08 0.0475887 -5.71224e-05 5.01976e-06 0.000192782 -5.97193e-08 2.29631e-14 -6.61665e-09 0.00686201 -0.00862259 -0.00656698 0.0070502 -0.0245788 3.44402e-05 -0.00100148 1.48993e-12 -0.0101833 4.51022e-10 -0.0030887 1.49663e-08 3.89693e-06 3.63902e-08 -9.06046e-08 0.000791173 0.00013136 -0.0520301 5.61564e-07 0.00139222 -0.000705876 6.86842e-07 1.35292e-06 -0.00037444 0.000107788 3.91826e-05 1.48991e-09 0.0178192 0.0613161 1.87271e-17 -0.000629848 3.37129e-05 0.00175026 3.53307e-06 0.0279079 -0.0160495 0.0384866 9.739e-08 -0.0882171 7.05601e-06 -0.166934 -2.01951e-10 4.82097e-05 5.67873e-08 9.51225e-17 0.00231714 -0.000304036 -0.00584166 -0.000710975 9.68198e-05 -0.0171477 -1.92044e-05 -7.39424e-10 0.0163526 9.95611e-10 -0.00190916 0.00179959 1.0686e-05 -7.47274e-07 -0.0538671 -0.101853 -3.04248e-07 0.0284106 1.63702e-05 -0.043167 -1.96165e-07 0.000145037 8.59115e-18 0.0169413 0.000268446 -0.0172277 1.80727e-06 1.80895e-08 4.18161e-06 2.70662e-09 0.194573 -3.52391e-11 -1.69491e-10 -0.00282105 -0.00274353 -0.00118551 3.9317e-09 -2.46598e-06 0.00345589 -2.62283e-07 -0.000417761 -5.52382e-13 4.96557e-05 0.00515594 -2.94229e-07 0.0088365 -0.00127576 -1.6081e-06 0.0114343 1.48181e-05 -0.161209 -0.00259744 0.00487608 0.0842591 1.53706e-09 0.00362649 4.46159e-12 0.00612802 1.46533e-05 -2.78377e-09 0.0438657 9.7243e-08 -3.23602e-13 -0.0831687 -0.00183691 0.00387202 2.77242e-10 -0.000122942 -0.00784348 -6.86293e-09 -0.000964138 0.00476187 0.000753977 1.76648e-05 -5.86443e-18 4.87401e-05 0.0923123 -0.00138604 -0.000104574 -1.99894e-05 -0.00613045 -1.12423e-05 -3.07912e-08 2.1116e-12 -0.000150406 0.00011796 -0.00257942 -2.21285e-08 -0.00514082 -0.00530714 -0.00203625 -0.000966346 1.71164e-09 2.83688e-07 2.98946e-06 -1.98593e-05 -0.00548592 -7.30789e-12 -2.02752e-08 -0.0294977 1.53652e-08 -6.99028e-05 4.38395e-09 4.8778e-08 4.50605e-11 -0.0056387 1.1032e-17 1.17019e-07 -7.92515e-06 2.30154e-07 -0.00802046 0.0849719 -4.10539e-05 8.83462e-07 1.65805e-10 0.000383142 3.72929e-05 0.00344273 1.72107e-09 -0.000113025 -0.0235292 2.44585e-07 0.0012546 -0.0216229 0.00516802 4.26198e-06 0.000278092 -0.000161635 0.0015853 -7.46231e-08 -1.03514e-07 -0.000550166 -0.00127609 0.000715432 -6.45378e-07 5.55041e-07 1.72012e-05 1.75834e-07 0.000449223 -0.00574132 1.99713e-08 -0.000170694 -0.122935 -0.0113094 -8.28854e-05 0.0056562 1.63543e-05 -0.0114109 0.00142154 -0.00428507 -0.00214183 3.88805e-08 -2.27068e-10 0.000581556 0.00283445 1.4944e-15 -8.12914e-06 -3.6369e-06 0.0477968 0.00156965 4.69122e-05 -7.28273e-05 -0.0276176 1.42855e-09 -5.47178e-15 0.000331047 -3.13868e-05 -2.29437e-05 0.000279776 1.24089e-07 -0.0117268 -0.00234425 0.0269936 0.0616489 -2.60893e-07 8.08809e-06 -0.0309148 4.94534e-05 -0.000263643 -2.25041e-05 -6.76266e-05 -0.00561516 0.00550422 -5.96857e-07 -7.59976e-06 -4.80704e-07 -0.00924019 -0.00286597 -0.0760822 1.94574e-06 2.00798e-10 0.011558 -0.000367553 1.25621e-08 -0.00169267 -4.30474e-05 -0.0012467 3.04968e-09 -0.00118517 -2.56446e-05 -0.0389933 -0.000203271 0.000355373 -2.71863e-06 -0.00167863 -0.0731248 -0.000824045 2.65084e-06 -0.000677644 -0.0262827 -3.44234e-06 0.0147088 -2.64849e-17 0.00123886 6.23972e-05 3.9449e-05 -4.57408e-12 0.0749132 0.0046029 5.94496e-05 -0.000506421 -2.82307e-17 -1.23802e-07 -0.00172646 -0.000780366 -0.0331644 0.00391369 7.27998e-07 7.36794e-13 -0.00312545 0.0013762 0.00231816 4.63698e-06 -1.25632e-08 -0.0513925 -1.55399e-05 -1.11048e-06 1.13791e-05 -4.27058e-06 -0.00528301 1.457e-08 1.13508e-12 0.0154948 -0.000424131 -5.32575e-07 0.00588669 0.000121486 -0.00262185 -0.0142691 -0.00384312 1.46649e-08 0.070832 6.39612e-06 2.18919e-06 6.81931e-12 8.43339e-08 -0.0790375 0.345498 -0.0119524 -0.015567 -2.44644e-05 0.000867262 2.16953e-14 1.0242e-14 -2.75502e-12 -0.00220542 2.71785e-20 -0.0157079 -0.000150584 0.00624919 -5.60226e-05 -3.48826e-09 -0.0087685 0.0467805 -0.102276 4.92982e-15 0.000408015 3.19388e-05 3.48626e-09 1.17382e-19 0.00124121 0.00299542 -0.000246365 -0.0108758 -0.00463472 -0.00255615 -0.00103398 0.000178003 0.00687974 0.000829939 0.00370314 0.0268685 -8.84953e-05 0.000119103 -0.133056 0.0207875 0.000107542 -0.00580257 -7.91782e-06 8.93945e-09 0.0210195 0.000689952 0.000738361 -0.0595069 -0.000505002 -1.17396e-05 0.000362187 6.16539e-08 -0.00010996 0.0112305 1.41036e-07 0.00023851 0.000510663 0.00236139 0.00116993 -0.00169967 0.0188935 2.93918e-16 -0.00338239 -0.000152781 1.8995e-05 7.47357e-06 -6.40683e-08 1.68625e-05 4.72467e-06 4.80051e-22 -0.00129864 2.10374e-05 0.154965 -0.00162845 -2.07776e-06 5.25519e-05 0.000894997 -0.000480862 -3.47072e-11 0.0279265 -3.52075e-06 -0.00312807 -0.00325788 1.75143e-06 0.00159211 -0.00059294 -0.000212191 -1.14137e-12 -0.00243462 3.34481e-07 7.89394e-17 -2.47814e-10 -0.000375914 0.000567176 1.15292e-10 -6.57459e-05 -0.00164957 -8.39604e-11 -2.02642e-05 -0.0576635 7.84921e-05 -2.75306e-09 1.16106e-08 1.61744e-14 -0.0222615 5.17863e-05 -6.40666e-08 2.05688e-05 0.000438829 -0.000916332 -1.41739e-08 0.0231047 0.000139283 0.000865367 0.00902197 -0.196894 -0.00250348 1.23606e-06 0.00252585 5.783e-07 -0.00131329 -2.2343e-19 -0.000755723 -0.0554683 2.90134e-09 0.00139856 -0.000634053 0.00154466 -0.0180375 -0.0675148 -1.00347e-07 -3.52447e-15 0.00206101 -0.0883988 -0.000740745 0.0365755 -0.00700047 -1.73764e-06 -2.00863e-07 -0.0801502 -0.00326301 0.0472511 0.000150734 -0.000393584 0.0487793 3.01428e-28 3.35758e-14 6.6295e-05 7.96971e-06 -1.78258e-05 8.18446e-05 0.000254006 0.000660008 4.7177e-05 -5.65368e-05 -0.0122308 5.42276e-13 -1.41042e-08 -0.00811264 7.23367e-05 0.000724608 1.18712e-05 -2.78817e-10 -1.22693e-14 0.000144129 0.0015409 4.07417e-10 -0.0113289 3.99082e-11 -0.000631416 -0.0179759 -0.000137368 0.000321916 0.00414936 -0.0136502 -0.0219189 0.00216307 -2.20022e-05 9.39282e-09 -0.00569766 0.00224756 -0.0364847 -6.96338e-06 -4.82472e-05 -3.70477e-16 0.00590564 -0.00814168 0.0235205 -1.20694e-05 0.00194342 -0.00115083 1.33817e-05 -0.0167934 2.60238e-05 0.0661427 -9.62255e-09 0.000131011 4.10761e-12 -0.000295355 0.00079724 -0.000996979 -6.53829e-08 -3.62791e-08 0.130852 -5.45073e-07 -0.000585111 -0.0249979 -0.000475442 0.000503289 0.00187466 -2.77452e-06 7.63362e-05 0.00917189 -2.09799e-09 -0.000753962 0.0313411 0.000560244 0.00342633 0.00506459 -0.0632183 -9.15032e-08 -3.06644e-05 -0.0258296 0.00368907 -0.00264755 0.0014641 1.26062e-06 -0.000313614 2.76609e-05 0.00148686 0.00115207 -0.000121625 -1.18369e-05 2.98669e-06 -0.000809438 3.35974e-06 0.0262743 -0.00166463 -0.0648192 -0.0295104 -0.00142285 -1.24763e-05 0.000165873 0.0180757 0.00540862 -3.52321e-05 0.00135358 1.00492e-13 -1.94575e-10 0.00533788 1.11536e-08 1.30543e-05 -0.0285439 -0.0349203 1.36332e-05 -0.00191738 7.95878e-06 -0.00448534 1.51167e-06 -8.62394e-06 3.01109e-11 0.00686213 -2.08053e-07 -5.77868e-11 -9.67784e-11 0.024255 -0.000353229 -0.108045 5.01004e-07 -1.61411e-05 0.0153357 -0.000378599 -3.01697e-06 -0.0572404 -1.64528e-05 0.0220119 0.0183808 0.000500508 0.0032887 0.00940796 2.42413e-05 0.00845471 -0.0509134 -0.00361063 0.000111271 2.55659e-13 -9.04665e-05 -0.00327287 0.0322355 -0.0264713 1.94024e-07 0.00518835 -9.72406e-07 -0.00540227 0.0309365 0.0191007 3.52306e-08 -0.00466986 0.00377398 -0.000439018 -3.37369e-06 -0.126057 -7.45323e-07 -0.0344829 -0.0441477 0.0321264 -1.44633e-13 -0.000597712 -1.3802e-07 0.00571456 -0.00107044 2.32466e-08 -3.89395e-11 -0.000523458 -0.00285486 -7.0451e-06 0.331123 0.0148591 -0.000444763 -0.0162408 -4.64634e-09 3.94319e-06 1.73671e-08 -0.00926806 -0.000269707 0.00123313 3.48436e-09 -0.0795462 0.00559838 1.00612e-12 1.33146e-08 -0.00017285 -0.000581758 9.44917e-05 -0.00117543 1.17266e-05 -0.0578199 -8.55832e-16 1.10394e-07 -1.03595e-06 -0.00021709 -1.46673e-06 -0.0027147 -0.0617321 0.000172023 -5.88446e-08 -0.00118657 -9.05014e-14 0.000394533 -0.00934244 2.67132e-07 3.39439e-08 1.3708e-07 3.04031e-14 -8.40532e-08 -0.0001258 -5.47508e-09 0.0387101 -1.35071e-05 0.00633084 0.00315335 1.94446e-10 -0.00132722 -2.16e-10 0.000921322 3.13169e-26 -0.00318251 5.91511e-07 -3.04545e-05 1.98894e-09 1.64135e-06 0.00609122 3.04524e-07 -4.12914e-06 -4.44486e-06 5.8411e-11 0.0348774 -8.10543e-11 -0.0105311 0.0192739 2.95968e-06 -2.59485e-12 8.44037e-10 0.0358883 1.72452e-07 -0.00076401 -1.0681e-17 9.37467e-08 0.122326 -1.3867e-07 3.06795e-08 7.12316e-07 0.0401091 -0.00456342 6.07219e-07 0.0204405 -0.135004 -4.93909e-06 1.1194e-05 8.7957e-05 -0.00114498 0.0348971 0.0173807 -1.82247e-09 0.000345284 -0.00300639 -1.91378e-10 0.000177344 -6.81703e-07 1.10163e-12 1.02318e-06 -0.0180979 -0.00583505 0.00851617 0.000335582 -1.56336e-05 -0.0352544 2.01568e-09 -0.000393416 8.19954e-05 7.67413e-07 0.00140936 7.62587e-06 -0.000935201 -0.000965433 8.7062e-11 3.74806e-05 -4.73469e-08 0.000399421 -4.08685e-06 -2.72622e-12 0.000169099 1.23511e-07 -3.82983e-07 0.00112245 -2.36784e-08 -1.69123e-06 -7.41951e-07 -4.5131e-06 9.03227e-05 1.04076e-05 5.03612e-06 -3.14987e-15 3.13673e-11 -4.48058e-24 -0.00309039 -1.75882e-19 -0.0103823 0.000175108 -3.30531e-08 1.34981e-05 0.116777 1.07751e-09 1.88881e-11 0.087267 1.99067e-08 

network 2 1000
edges0
183 80 183 80 183 294 294 80 183 198 198 80 183 206 294 294 198 206 183 80 248 206 248 80 183 294 186 198 198 186 80 183 294 248 80 186 294 206 198 7 184 248 183 294 183 198 80 206 184 248 91 186 206 248 80 7 294 186 91 183 184 198 55 186 55 80 21 294 198 248 91 183 184 206 186 184 198 294 183 55 206 177 21 91 7 149 184 55 183 294 21 248 186 91 7 80 198 177 206 198 183 202 248 21 149 80 177 7 294 91 198 294 91 184 7 206 206 119 55 149 177 202 186 183 7 294 184 80 119 186 21 177 294 202 198 183 184 55 21 177 198 119 248 248 177 91 183 7 202 186 224 7 248 80 177 184 91 55 105 202 183 224 177 7 55 119 206 242 105 248 198 294 186 7 184 194 242 80 198 202 54 206 177 202 276 183 119 54 105 184 198 206 186 177 91 186 202 183 55 198 184 55 206 242 194 30 276 119 149 91 202 119 54 177 105 183 149 248 224 149 294 184 183 202 55 186 91 242 194 198 294 202 206 183 149 7 224 248 80 184 177 184 105 248 163 119 248 257 202 206 242 263 198 7 177 149 41 276 55 184 119 194 30 21 163 177 263 41 149 206 202 80 206 54 263 241 202 186 55 73 119 184 80 105 224 177 119 54 206 6 149 194 248 184 55 242 294 55 294 119 186 73 248 105 183 241 257 7 119 32 294 149 184 222 206 186 163 202 54 177 7 184 248 294 241 198 125 55 190 242 73 91 119 7 224 177 149 32 105 21 184 202 186 248 119 184 219 202 183 80 78 55 54 34 206 125 51 184 149 248 7 30 257 55 242 177 222 119 198 184 177 294 222 163 55 177 73 184 248 299 186 221 41 194 163 182 299 294 257 6 202 177 276 177 119 186 206 184 21 80 202 183 149 198 224 184 91 242 194 105 55 125 186 248 184 51 55 119 194 224 276 21 241 41 34 294 183 222 7 91 149 55 190 80 276 177 105 298 183 276 198 194 224 51 257 298 163 119 185 30 149 198 294 182 15 184 190 34 80 78 298 294 6 119 125 263 206 55 194 219 7 55 182 190 15 294 76 186 177 105 119 73 23 183 91 119 27 184 185 32 206 105 21 294 119 149 183 177 55 177 241 294 198 202 163 242 248 6 21 219 177 105 299 119 55 184 248 194 177 263 30 198 105 54 242 194 184 30 176 291 80 51 125 34 206 183 177 15 6 163 55 183 184 186 41 257 185 294 21 55 76 27 224 34 105 163 219 198 177 294 73 183 56 224 291 202 125 194 91 105 7 119 80 184 73 298 54 132 219 55 34 136 54 105 6 73 41 224 198 106 184 119 55 58 202 190 291 206 177 263 184 55 198 182 6 58 76 276 100 7 104 194 185 202 224 105 51 55 242 299 38 15 7 202 154 106 91 105 206 183 190 163 184 119 58 6 291 152 176 202 119 106 21 136 80 149 186 184 219 198 202 55 163 27 257 206 185 34 23 242 248 161 32 56 202 263 56 47 15 202 198 136 149 161 294 257 34 176 183 91 248 241 56 104 198 298 91 23 198 80 183 299 105 202 32 184 198 15 177 76 51 106 73 80 6 56 190 294 177 202 136 38 190 294 125 185 198 176 23 105 15 16 291 7 219 298 47 161 190 263 177 185 183 55 194 241 257 163 32 299 116 92 105 182 163 224 97 136 198 73 177 242 184 184 224 276 206 80 183 186 91 104 219 184 183 177 202 198 32 119 253 7 294 88 284 125 23 32 80 202 119 149 100 177 106 112 182 186 219 257 206 104 242 219 125 41 202 298 136 5 241 163 73 55 184 222 67 248 176 198 185 161 202 149 242 224 183 104 219 291 107 89 55 202 34 76 136 32 241 206 91 67 21 105 245 276 206 161 91 153 219 34 56 149 152 90 107 291 185 54 190 73 53 23 219 198 163 263 21 16 241 186 27 38 55 88 41 34 105 206 242 152 5 241 177 55 248 183 136 152 291 284 244 299 202 224 34 55 149 92 276 54 91 206 21 248 107 80 224 202 149 106 284 119 186 149 248 153 220 6 154 224 129 183 176 107 34 184 129 136 116 198 289 194 55 185 221 284 241 264 163 54 206 55 182 23 91 242 291 294 51 45 41 91 106 283 152 119 4 76 104 19 34 116 202 184 104 294 105 47 125 190 184 41 47 224 204 163 177 165 7 163 182 191 54 6 97 248 91 76 32 241 206 184 242 154 80 299 27 38 152 89 76 105 6 184 88 283 206 21 
edges1
80 294 294 198 198 198 206 206 206 206 248 248 248 248 248 186 186 186 186 186 186 7 7 7 7 7 7 7 184 184 184 184 184 184 91 91 91 91 91 91 91 91 91 55 55 55 55 55 55 55 55 55 21 21 21 21 21 21 21 21 21 21 21 177 177 177 177 177 177 177 177 177 177 177 149 149 149 149 149 149 149 149 149 149 149 202 202 202 202 202 202 202 202 202 202 202 202 202 202 119 119 119 119 119 119 119 119 119 119 119 54 54 54 54 54 54 105 105 105 105 105 105 105 105 105 105 105 224 224 224 224 224 224 224 224 224 224 224 194 194 194 194 194 78 78 78 78 78 78 78 242 242 242 242 242 242 242 242 242 6 6 6 6 6 6 6 6 6 6 6 6 6 6 276 276 276 276 276 276 276 276 276 276 30 30 30 30 30 30 30 30 30 30 163 163 163 163 163 163 163 163 257 257 257 257 257 257 257 257 257 41 41 41 41 41 41 41 41 32 32 32 32 32 32 32 32 32 32 51 51 51 51 51 51 51 51 51 51 51 51 263 263 263 263 263 263 73 73 73 73 73 73 73 73 73 73 73 73 73 241 241 241 241 241 241 241 241 241 241 241 241 241 222 222 222 222 222 222 222 222 222 222 222 190 190 190 190 190 190 190 190 190 190 190 190 190 190 185 185 185 185 185 185 125 125 125 125 125 125 125 125 125 125 125 125 34 34 34 34 34 34 34 34 34 34 34 34 34 34 34 219 219 219 219 219 219 219 219 219 219 219 219 219 182 182 182 182 182 182 182 182 182 182 182 182 121 121 121 121 221 221 221 221 221 221 221 299 299 299 299 299 27 27 27 27 27 27 27 27 27 27 27 27 15 15 15 15 15 15 15 15 15 298 298 298 298 298 298 298 298 298 298 298 298 152 152 152 152 152 152 152 152 291 291 291 291 291 291 291 291 291 291 291 291 291 291 291 291 291 291 291 23 23 23 23 23 23 23 76 76 76 76 76 76 76 76 76 76 76 88 88 88 88 88 88 88 88 88 88 136 136 136 136 136 136 136 136 136 253 253 253 253 253 253 253 253 253 253 253 253 253 176 176 176 176 176 176 176 176 176 176 176 176 154 154 154 154 154 132 132 132 132 132 132 132 132 58 58 58 58 58 58 58 58 58 58 89 89 89 89 89 89 89 56 56 56 56 56 56 56 56 56 56 56 56 56 100 100 100 100 100 100 100 100 100 100 100 100 100 106 106 106 106 106 106 106 106 104 104 104 104 104 104 104 104 104 104 104 104 104 104 104 240 240 240 240 240 240 240 98 98 98 98 98 98 98 98 98 98 98 98 38 38 38 38 38 38 38 92 92 92 92 92 92 107 107 107 107 107 107 107 107 107 107 64 64 64 64 64 64 64 64 64 64 161 161 161 161 161 161 161 161 161 161 161 161 161 161 161 161 47 47 47 47 47 47 47 47 47 47 47 97 97 97 97 97 97 97 97 97 97 97 97 97 97 284 284 284 284 284 284 284 284 284 284 19 19 19 19 19 19 19 19 19 19 19 16 16 16 16 16 16 16 16 16 16 116 116 116 116 116 116 116 116 116 116 116 116 129 129 129 129 129 129 129 129 129 129 129 129 129 129 129 112 112 112 112 112 112 112 112 112 112 112 112 112 112 112 112 112 112 112 112 112 250 250 250 250 250 250 250 250 250 5 5 5 5 5 5 5 5 5 289 289 289 289 289 289 289 289 289 289 289 289 289 289 245 245 245 245 245 245 245 245 245 245 245 245 245 245 245 67 67 67 67 67 67 67 53 53 53 53 53 53 53 53 53 53 53 53 53 90 90 90 90 90 90 90 90 90 90 153 153 153 153 153 153 153 153 153 153 153 153 244 244 244 244 244 244 244 244 244 244 244 244 244 264 264 264 264 264 264 264 264 264 264 264 264 220 220 220 220 220 220 220 220 220 220 220 220 220 220 4 4 4 4 4 4 4 4 4 4 4 165 165 165 165 165 165 165 165 165 165 165 165 165 165 191 191 191 191 191 191 191 45 45 45 45 45 45 45 45 45 45 45 45 45 283 283 283 283 283 283 283 283 283 283 283 283 283 102 102 102 102 102 102 102 10 10 10 10 10 204 204 204 204 204 204 204 204 204 213 213 213 213 213 213 213 213 213 213 85 85 85 85 85 85 85 85 85 85 148 148 148 148 148 148 148 148 148 148 148 148 148 148 148 37 37 37 37 37 37 37 37 37 37 37 37 37 37 
weights
-0.000209441 -0.021114 3.83192e-11 -7.66455e-07 0.00509486 0.00539363 -0.0364182 0.0271239 -0.000225537 -6.66226e-05 2.37051e-06 -0.0042522 -0.00295181 1.22364e-05 2.86609e-13 -1.02855e-10 -1.67253e-09 1.6464e-05 0.000113594 6.3849e-16 1.24142e-05 -0.011511 4.58992e-05 -0.000182326 0.0810268 -0.0187706 0.0539005 -0.0137214 4.044e-06 -0.00301171 0.000116907 -8.72781e-06 -6.95093e-07 0.000386243 -2.43176e-14 0.032377 -7.84799e-08 -0.00388065 2.37157e-08 -2.66777e-18 3.81955e-06 0.0198041 -0.00098369 -0.0371981 -0.00481007 -4.95222e-07 6.6385e-08 -4.48721e-05 1.58036e-08 -4.33803e-06 0.00101209 -3.43181e-06 -2.15221e-07 -0.0038409 7.408e-06 -6.33494e-07 -0.0130726 -0.00029204 0.0689135 -7.99145e-07 -2.557e-07 -0.000738562 1.16948e-15 6.47577e-09 4.32944e-07 -0.00209754 0.0206849 1.70712e-08 -0.000970832 2.52664e-07 0.022453 3.46733e-12 3.87455e-06 2.14633e-07 -0.00302598 -3.69246e-14 2.39133e-13 -0.00317219 -9.08713e-08 -1.61037e-06 -0.0559384 0.00259753 -9.91593e-05 3.72412e-12 -6.22449e-06 0.0718563 -1.0645e-05 -0.0336445 0.000482888 5.95157e-05 -0.00218876 1.42638e-07 -0.0152751 -1.80078e-05 1.27758e-07 -0.00185243 5.57007e-06 1.25203e-05 8.05551e-09 0.0441472 -3.12149e-21 5.36193e-05 -0.00417824 0.0154506 -7.34304e-08 0.0150812 0.0613581 -0.00459001 9.84349e-05 0.0200679 -5.29477e-08 0.0026899 0.00645592 -0.100351 -5.13987e-07 0.000115514 -0.0221557 -0.00676001 3.4596e-08 -0.0163368 -0.00680733 0.000397324 -0.0659554 -0.0253633 1.05439e-06 0.0271793 -0.00411034 0.00347003 0.0350112 -0.013188 0.00162195 -0.00497762 1.46655e-05 5.56674e-10 -0.0609928 1.5634e-08 0.0806179 1.89588e-06 -0.0316813 -5.77803e-08 0.0120845 -0.0127201 -1.10206e-10 -0.00275929 4.23393e-06 -0.0763432 0.006392 3.86589e-07 -7.59741e-07 -2.42025e-05 -9.92228e-09 0.000375641 -0.0228098 -0.148996 3.58372e-10 0.00673876 0.0741185 0.00760669 -0.00905856 0.010749 -0.0446198 0.0161123 -0.00280708 -6.97997e-07 7.31187e-06 0.0215658 3.06842e-12 3.49504e-06 0.0021879 0.0183505 -0.00144332 0.000164055 9.6716e-08 -0.0132845 -0.000923431 0.00771204 -0.00172786 -0.00284149 0.060161 0.000124113 -0.0148176 8.9674e-09 -6.68145e-16 0.0119703 -3.99785e-05 -0.166926 -4.92394e-14 -1.18243e-08 4.47969e-06 -0.00975736 -0.00107137 -0.0535682 -0.034481 2.32663e-05 5.42131e-16 1.42864e-05 1.52798e-05 0.00051573 -0.0192766 -4.99761e-08 -0.0575031 -2.35442e-11 0.00320653 0.0126119 -0.00411017 0.0575734 1.49901e-08 -2.61309e-08 0.0208332 0.00012491 0.000545389 -1.39729e-06 -0.000219829 -1.04977e-05 -0.0001862 -0.0025927 0.0245106 -0.000747063 1.83163e-07 -2.19975e-05 0.0131183 -2.30915e-05 2.09592e-09 3.7922e-06 -2.10484e-10 1.22428e-05 -0.11846 0.0909762 -0.0020863 -0.0321634 -6.79914e-06 -2.43e-08 -0.0300489 -0.0015451 0.000226887 0.0038049 -2.60417e-07 0.000618555 0.0602069 -0.000181875 -0.0866883 -2.63395e-05 6.14521e-15 -0.0660093 -0.00159919 -6.53027e-06 -4.14853e-07 0.0130675 2.9416e-12 -0.000173609 0.0470435 -0.00516316 -1.01739e-06 1.99e-15 -5.18291e-05 1.72319e-17 0.0132288 -0.014676 -0.00267281 2.94724e-11 5.70149e-06 4.75446e-08 -1.01391e-05 -0.000196576 -3.87662e-07 9.09787e-07 -0.00106911 -5.90003e-06 -0.00147567 -1.98159e-06 2.71998e-05 0.000120647 -4.61681e-15 9.05214e-06 0.00566057 -0.0421767 -0.000194752 0.00335723 5.57249e-08 0.000563784 -0.000132985 0.000551883 -0.00312126 -6.86109e-09 -0.000218343 4.08725e-22 -2.51539e-07 3.59387e-07 9.60351e-08 -2.32435e-06 1.59052e-07 -0.115351 9.60239e-08 -5.30448e-10 0.00331693 -8.37256e-07 0.00141412 -0.0505267 -1.2473e-05 -1.4968e-10 -0.00708757 1.1863e-16 1.6195e-06 -2.89827e-06 0.00010106 6.98798e-09 5.86684e-05 1.11817e-10 -0.00074891 6.42576e-05 0.00314578 0.0333203 0.0484336 -9.26528e-06 -0.00382292 -0.0211536 0.00847008 -5.64818e-14 -2.09247e-06 -0.00082661 6.1394e-06 -0.0218512 0.000117635 2.82372e-11 -2.03417e-06 0.00696325 -0.00277615 -3.09419e-11 -1.32002e-05 3.26555e-05 -9.10997e-05 -1.65737e-11 2.58421e-12 9.74936e-10 5.21318e-06 6.43491e-12 5.0508e-05 0.010829 6.7397e-06 0.0122715 -0.0016157 0.0090352 -0.000152229 -3.50603e-06 -2.616e-08 -0.0577263 0.000345096 0.00094011 -0.000658622 -1.08492e-05 -4.61647e-13 0.0191109 3.4046e-07 0.00161834 1.18001e-05 0.00840205 0.0668668 1.00334e-05 -0.0391065 -0.000421758 -0.00100056 -0.000747389 -7.41419e-05 6.85251e-10 0.00812711 -0.00510797 0.0307951 0.002874 -0.00130768 -1.13296e-08 0.00305518 -2.0092e-06 -3.6909e-08 0.000608303 -0.00288287 0.000285935 1.36397e-11 -4.68194e-19 -5.60569e-06 -0.0628086 -0.00417055 7.01944e-08 0.0396556 -2.13898e-08 0.0366699 -0.000884399 0.00126691 -1.33127e-05 -0.000442405 0.0203815 9.10798e-09 -9.53228e-10 1.95893e-05 0.00362277 8.21951e-14 0.0120859 -3.47758e-09 -0.00291678 -2.21409e-15 0.15741 0.0118054 -3.6804e-08 -9.45147e-10 -0.0761066 0.000129035 -4.37647e-06 -2.44974e-11 9.81106e-08 0.0161648 1.74463e-06 -0.00340973 1.20113e-12 2.82146e-13 -0.0869762 -0.000169628 0.000618382 3.17578e-07 0.0333336 -0.0113421 -0.000939878 7.95213e-15 3.71891e-09 -0.000107333 1.13221e-09 0.0298224 -0.00196593 -0.00100675 -2.433e-08 -0.0036172 -8.16352e-10 0.00116184 -0.000328351 -2.04996e-15 0.00975176 0.000902538 0.0454251 7.42205e-06 2.90773e-05 8.73946e-09 0.00867035 1.82486e-06 0.000900213 -0.000916435 0.000931397 4.27908e-07 -2.67022e-10 -8.97773e-07 -0.00576403 -2.60138e-05 5.86035e-10 2.96634e-13 0.000838454 0.00366657 7.03998e-08 -0.0213354 -3.84678e-10 -1.70109e-06 -0.015124 -2.69723e-06 0.000121199 -0.000521981 0.000361867 0.00596947 -0.00034051 -7.46645e-11 -0.239806 3.66691e-05 6.86678e-06 -0.00479621 0.000163356 -0.000140289 -0.00785437 0.00320559 -0.00330141 0.0255496 0.000104025 -9.30696e-08 0.0183564 -8.14432e-10 -5.32208e-09 1.51717e-05 0.00144864 -3.70458e-10 2.15122e-14 0.00602641 1.75924e-07 -0.0444566 -3.49164e-13 -0.000208564 -1.95943e-12 -6.17893e-09 -0.00925718 9.16754e-06 0.000395086 1.29282e-05 -0.117708 -0.0413569 -5.03664e-07 -0.0172292 3.25591e-05 -0.00800192 0.00397121 0.000912395 -0.0846331 -0.0548954 -0.0872669 2.0127e-06 -0.000502409 -5.51819e-06 -6.44152e-06 4.86023e-07 -4.38314e-05 0.00202445 3.48947e-07 0.0381873 -3.04397e-05 1.18111e-06 -5.12151e-07 -4.44902e-09 0.000209152 -0.000103638 -2.03789e-05 1.12531e-08 -2.42474e-10 0.0325598 -0.0069455 9.41715e-10 0.00128765 -2.05455e-06 -9.43325e-05 2.20525e-07 4.70371e-10 -0.0134611 -0.0271423 3.6821e-06 -0.0587974 -0.0156757 -2.92833e-07 0.157194 1.36546e-05 -0.000596349 -0.000180468 4.02457e-12 0.000536457 -0.0219612 -0.000267919 0.00114339 4.7054e-05 6.59421e-05 0.216146 7.60938e-07 -0.0124639 -0.103589 0.000369204 8.73022e-09 -4.60961e-07 -0.0057018 2.18794e-05 -0.000539702 1.06943e-09 0.00089519 0.000433293 -1.2468e-05 -0.00154094 2.2454e-06 7.4625e-11 1.34696e-08 -0.000168114 -2.19868e-05 -2.93928e-06 -7.49043e-05 9.92022e-09 -2.0436e-05 0.0516848 -0.000673108 1.03787e-06 1.19187e-10 1.96875e-07 2.01557e-05 0.000213787 -3.0518e-06 -0.00571145 0.00551468 3.5465e-05 -4.42105e-05 -6.10956e-05 0.00640836 7.857e-11 1.95575e-05 -1.77864e-06 2.16339e-11 -0.00258415 -7.10752e-09 -0.0771015 2.50045e-05 5.84062e-11 0.224672 5.92223e-05 3.06836e-22 1.59892e-11 -6.72917e-10 -0.0107048 5.26944e-06 3.86212e-07 -0.000446753 -0.000131099 -0.000255235 -0.00292111 -0.00528593 -0.001166 -5.77324e-07 -0.00363461 8.94694e-06 0.0108212 0.0137636 1.02036e-10 -9.80189e-05 4.07687e-05 -4.23672e-12 6.9457e-06 -0.00378126 0.0028689 -1.00408e-09 -0.00741241 8.7808e-14 0.000190168 -6.58421e-10 2.92761e-12 1.58145e-05 8.25173e-05 2.03922e-06 4.46934e-06 1.3108e-06 -1.85982e-18 1.47396e-08 0.00295909 1.58203e-09 5.25846e-10 -0.0234664 0.039015 0.0152147 5.45555e-06 -2.7e-14 -0.0034775 -2.10419e-05 -3.53345e-06 0.000161722 -0.0982072 0.00674937 -0.000945972 0.0124186 -5.43444e-05 -6.86649e-05 -1.59191e-07 -0.0106199 -2.30816e-05 0.000629216 -2.55332e-06 0.00190876 -0.00185176 7.74692e-09 4.79391e-09 0.00891917 4.83679e-05 6.20371e-05 1.41417e-08 -0.0876547 -1.74814e-17 0.0501775 1.42533e-05 0.00109946 -3.81075e-07 -1.43282e-05 2.13316e-06 0.000657896 2.78311e-06 1.46387e-05 0.0666055 -5.36237e-06 -1.05201e-07 0.172851 0.156892 0.00107096 0.00033457 -0.0203775 -5.51324e-12 3.83514e-07 8.86125e-05 2.78791e-07 -2.2716e-05 -0.113694 -0.000262364 2.31347e-12 0.00703986 5.84458e-05 -0.00303991 0.00022727 -8.58822e-05 -2.31702e-08 -0.00211398 -0.0504496 0.000297427 6.80681e-07 -0.0560852 1.44423e-09 -0.230565 0.0094747 -1.23114e-10 -0.0565946 0.0908189 -8.89316e-09 7.01056e-15 2.28496e-06 -0.00382273 -0.000166257 8.80976e-09 -0.00207256 0.000120172 -6.56139e-09 0.0179123 -0.00860335 4.37341e-10 -0.00293448 -0.0281131 0.260751 9.15477e-06 4.03642e-05 0.000104215 -1.25266e-07 -0.000969338 -0.110284 -3.46852e-06 -9.75518e-08 0.0773325 1.5323e-14 -6.05189e-05 0.000939081 0.050141 -0.0463075 -0.000370637 0.00831613 -0.0433824 -0.0572121 0.0063882 -0.00143264 -2.48921e-10 -0.00407708 0.0503711 -0.000622032 -0.000279565 3.24519e-17 3.43359e-05 5.7734e-14 -6.43093e-11 5.38683e-07 6.1475e-05 -0.00779723 0.00016428 -0.0589625 0.00664694 2.72747e-08 8.48596e-10 -0.00105889 -1.07529e-10 0.00518895 0.00223855 -0.00241894 -8.16289e-11 1.41454e-08 3.5821e-14 0.0519844 -5.06813e-12 2.74962e-06 6.57343e-05 -2.76161e-06 0.00422309 -0.00900378 -1.70483e-10 7.56697e-14 2.21324e-06 9.908e-07 5.34854e-10 0.00414344 5.78285e-07 -2.27237e-08 -4.40307e-09 -0.0107643 -0.0361036 -0.126151 0.000421747 2.12176e-10 -3.24693e-19 4.08483e-06 1.89228e-05 6.56298e-05 5.41962e-10 4.79485e-06 -0.00141901 -0.0462348 -6.3728e-09 -5.06862e-05 -0.0013218 -3.57768e-05 0.0021384 3.65877e-11 -1.26302e-06 -0.00218102 -0.000991423 -0.00325895 -0.0114332 4.95544e-06 -0.000214178 -9.32744e-15 -0.00900296 -0.000105978 -0.0249886 -0.00357686 -0.00993142 -0.0261198 -0.000636097 2.26625e-11 0.01537 -0.000911407 1.12817e-09 0.000898156 9.06527e-07 -7.38501e-13 0.0747594 0.0725284 3.16844e-05 0.00329689 -0.0508205 -0.0185881 3.57629e-09 1.00521e-07 4.72906e-09 7.70409e-08 -3.61479e-10 8.04849e-09 6.58954e-06 -3.54519e-05 0.00270197 0.0003174 4.06169e-12 -1.44136e-09 -2.56609e-12 -0.00209285 -0.00307593 0.00867482 -4.82216e-08 0.0455006 0.00207878 2.9664e-05 7.31082e-06 -0.00488748 0.00017663 2.54286e-11 0.000715785 -0.015945 -0.000718382 2.74928e-05 3.49241e-08 -2.27809e-05 0.0316129 0.000174181 6.85887e-06 -2.09238e-09 0.00534821 -4.8584e-13 0.0175854 8.9976e-05 -0.00120396 -8.13853e-09 -0.000208852 0.00178887 0.000135024 4.93355e-05 -1.73168e-19 -0.156007 -5.41431e-05 0.0952262 3.74903e-07 -2.29876e-08 0.00216226 -1.0492e-15 -0.000997579 0.0012039 -2.29772e-10 6.52607e-10 -2.48997e-06 -0.0589422 -5.90221e-05 3.9843e-15 -0.000468369 0.000109904 0.0270001 -5.87886e-09 1.84374e-09 0.00511454 8.46731e-09 0.000263106 -0.0104688 0.0133405 -4.93468e-08 0.00100083 -0.000108779 0.0192288 -0.000257362 -0.00675106 0.0244077 -1.2392e-06 -1.7431e-07 3.74638e-06 0.00023876 -0.00412541 0.0881443 -1.81684e-06 7.58612e-07 -5.84631e-05 0.00272844 -2.0751e-06 -3.48549e-06 3.74193e-15 0.0465299 0.00161947 -0.00121479 5.56425e-13 -0.00465165 -0.00471313 -4.17699e-05 0.000527456 -0.00132962 0.0168142 0.00691711 -2.87409e-17 -8.33537e-05 1.73347e-06 0.0175901 -0.0118367 0.018773 7.23648e-15 0.000209901 -6.68376e-06 -1.26752e-15 -0.000851053 -0.00172157 -1.33186e-05 -0.0223012 -0.000691944 -0.0103937 0.00179191 -6.70527e-05 0.0120642 -1.2034e-05 -6.83481e-06 5.85564e-09 -0.000691238 0.000114505 -0.0022673 -1.33391e-06 -0.0119345 0.000216 -5.81982e-10 -1.02936e-14 9.83369e-08 -0.00846587 0.30898 -1.33846e-05 -0.00158805 -4.49165e-08 0.000221662 3.08182e-10 -0.00784464 -2.22782e-09 1.4032e-11 -4.98861e-07 -1.46322e-10 -0.000443443 -0.00384215 7.04974e-07 -0.0285344 -3.41023e-08 6.75113e-07 -0.00123567 -0.0713238 -0.100989 0.0128722 -2.19111e-06 -5.23328e-06 -0.0176866 -6.17594e-08 -0.00155135 0.00100776 0.00201826 -6.84251e-06 -0.00893967 0.0433366 -0.00265707 0.0132135 -0.0558079 
