Parameters used to generate the architecture:
rdynamics 1
capacity 1
replenish 2375
inflow 400
outflow 100
hsymmetry 0
ecosel 1.8
dispersal 0.01
birth 1
survival 0.8
sexsel 10
matingcost 0.01
ecoscale 1
demesizes 100 0 
nvertices 30 30 30 
nedges 30 30 30 
nchrom 3
mutation 0.001
recombination 3
allfreq 0.2
scaleA 0 0 0 
scaleD 0 0 0 
scaleI 1 1 1 
scaleE 0 0 0 
skews 1 1 1 
effectshape 2
effectscale 1
interactionshape 5
interactionscale 1
dominancevar 1
tburnin 0
tend 1000
tsave 100
tcomplete 1000000
talkative 1
datsave 1
burninsave 0
choosewhattosave 0
gensave 0
archsave 1
archload 0
parsave 1
logsave 0
archfile architecture.txt
parfile parameters.txt
orderfile whattosave.txt
logfile log.txt
freezerfile freezer.dat
locifile locivalues.dat
seed 1619013800879182480
ntrials 100

Architecture:
chromosomes
0.333333 0.666667 1 
traits
2 1 0 1 2 2 0 2 0 2 0 2 0 1 0 2 2 0 2 0 2 1 2 2 0 2 0 0 1 2 0 0 0 2 2 1 1 0 2 0 2 2 0 2 0 2 0 0 0 1 1 0 2 1 2 0 1 1 1 1 1 1 1 1 1 1 0 1 1 1 1 2 2 0 2 0 1 1 1 1 2 0 0 2 2 0 0 2 1 1 
locations
0.0128772 0.0329177 0.0352913 0.0449581 0.0518458 0.0685062 0.074904 0.0960645 0.115744 0.116432 0.116588 0.12021 0.137586 0.148107 0.171528 0.185402 0.19749 0.223113 0.228236 0.237801 0.249489 0.250957 0.268696 0.269402 0.282064 0.284281 0.290504 0.291822 0.300553 0.302407 0.313863 0.3167 0.330045 0.404867 0.409824 0.421713 0.426132 0.429576 0.452904 0.459832 0.459911 0.472866 0.48211 0.507547 0.515605 0.52949 0.551586 0.56351 0.579096 0.583468 0.583602 0.591661 0.600713 0.617828 0.646774 0.661714 0.663448 0.734911 0.738996 0.749124 0.749247 0.751716 0.770631 0.771388 0.779426 0.80561 0.808662 0.815027 0.819332 0.820865 0.824856 0.833309 0.835662 0.851596 0.855222 0.862869 0.868206 0.886391 0.905422 0.914861 0.917883 0.921986 0.922356 0.938161 0.942659 0.943099 0.953007 0.967364 0.968118 0.975032 
effects
0.168878 0.0697842 0.215515 -0.160612 0.122743 0.205027 -0.131805 0.23773 0.10092 0.180781 -0.0254684 0.0353192 -0.160169 -0.444585 -0.344885 0.221 0.077972 0.150346 0.104578 0.0930517 -0.129599 0.133316 0.285792 0.0798889 -0.126904 -0.0771602 0.164001 -0.129314 0.107165 0.032592 0.0827753 -0.222271 0.225455 -0.293527 -0.100659 0.355542 -0.237814 -0.0819248 -0.0434669 -0.214798 0.0275884 0.0629621 -0.0480904 0.135235 -0.14483 0.294583 -0.0428727 0.305808 -0.0901012 -0.0648867 -0.0385049 0.114476 -0.198431 0.03503 -0.21024 0.357787 -0.108099 0.0587118 -0.0689155 0.0482955 0.165165 0.120817 -0.213928 0.0281919 0.115439 0.130999 -0.314994 -0.167719 -0.126093 -0.107566 0.0727689 -0.458353 0.0726386 -0.297822 -0.0415159 -0.175858 0.0228886 -0.32716 0.0756982 -0.0662849 0.174686 -0.0335782 -0.063707 0.223951 0.212269 0.187858 -0.0512351 0.108819 0.0755133 -0.47657 
dominances
0.165294 0.186086 0.167112 0.0749976 0.100091 0.0478987 0.00748131 0.0318446 0.216639 0.109935 0.00547826 0.408871 0.192205 0.051015 0.0940994 0.0772902 0.0449911 0.138111 0.129526 0.00936576 0.245352 0.2222 0.0560134 0.0644646 0.107505 0.177632 0.233935 0.171523 0.12441 0.00493192 0.249892 0.302423 0.194013 0.00181393 0.0284231 0.0897436 0.00527162 0.200244 0.272021 0.00713612 0.135171 0.0819073 0.0450283 0.277272 0.145179 0.153961 0.20352 0.294725 0.334434 0.13252 0.213099 0.0185764 0.000822771 0.124932 0.0571017 0.0190113 0.0843064 0.0311982 0.00183094 0.00282675 0.133251 0.146963 0.0883274 0.140577 0.409169 0.357231 0.154391 0.196201 0.320523 0.0957903 0.0373387 0.0058416 0.377162 0.215325 0.0943137 0.177967 0.148418 0.290299 0.202435 0.0113789 0.494653 0.170719 0.0607468 0.005275 0.216407 0.364952 0.0292895 0.099467 0.366756 0.0432105 

network 0 30
edges0
17 17 17 32 66 48 8 17 17 48 39 17 17 26 17 17 17 17 32 32 17 32 17 32 85 10 37 17 73 48 
edges1
37 66 32 39 48 8 85 24 10 73 6 26 19 31 82 14 51 12 55 46 2 42 30 47 86 75 81 81 27 44 
weights
0.171113 0.246248 -0.194573 0.215532 0.363559 0.123152 0.175108 0.129551 -0.171564 -0.143606 -0.244788 -0.053291 -0.18523 0.0498586 0.063598 0.238987 -0.169671 -0.0855193 0.218865 -0.197699 -0.142266 -0.0707844 0.141653 -0.239501 -0.26539 0.16207 -0.0926558 -0.163541 -0.110681 -0.223972 

network 1 30
edges0
64 62 64 3 3 62 70 64 64 62 62 79 60 3 60 69 35 3 69 69 69 69 64 35 64 64 62 89 62 78 
edges1
62 3 70 65 50 58 88 89 79 28 60 53 69 78 68 35 57 13 36 56 21 61 76 63 77 67 67 1 49 59 
weights
0.291635 -0.234129 0.103922 -0.30645 0.146143 -0.180108 -0.18023 0.244873 0.133278 -0.128391 0.162564 -0.192844 0.126509 0.278134 -0.172925 0.0375676 0.180426 -0.205888 0.302091 0.138467 0.19413 -0.0865065 0.158704 -0.162884 -0.117645 0.185828 0.0856488 0.138744 0.111649 0.130203 

network 2 30
edges0
25 74 74 25 87 25 25 71 25 74 74 25 87 74 74 25 20 71 74 80 25 74 74 0 25 74 0 0 74 25 
edges1
74 22 87 20 71 80 54 34 4 4 0 18 52 11 72 33 40 43 16 23 29 45 5 83 38 84 9 7 15 41 
weights
0.300881 0.110047 0.105215 -0.306785 -0.211087 -0.106629 -0.0616841 0.258004 0.0875008 0.218096 -0.168266 0.191536 -0.183198 -0.193896 0.129408 0.129395 -0.104075 0.220601 0.137379 0.122147 0.134963 0.11756 -0.290733 -0.270594 0.0788093 -0.222158 0.185559 -0.140328 -0.198818 0.0933688 
