Parameters used to generate the architecture:
rdynamics 1
capacity 1
replenish 2375
inflow 400
outflow 100
hsymmetry 0
ecosel 1.4
dispersal 0.01
birth 1
survival 0.8
sexsel 10
matingcost 0.01
ecoscale 5
demesizes 100 0 
nvertices 100 100 100 
nedges 1000 1000 1000 
nchrom 3
mutation 0.0001
recombination 3
allfreq 0.2
scaleA 1 1 1 
scaleD 0 0 0 
scaleI 0 0 0 
scaleE 0 0 0 
skews 1 1 1 
effectshape 1
effectscale 1
interactionshape 0.119
interactionscale 1
dominancevar 1
tburnin 10
tend 10
tsave 200
tfreeze 20001
talkative 0
record 0
datsave 0
choosewhattosave 0
gensave 0
archsave 1
archload 0
parsave 1
archfile arch5.txt
parfile paramlog.txt
orderfile whattosave.txt
logfile log.txt
freezerfile freezer.dat
locifile locivalues.dat
seed 1600941585741779854
ntrials 1000

Architecture:
chromosomes
0.333333 0.666667 1 
traits
1 0 0 0 0 0 2 0 1 0 2 1 1 2 0 2 0 2 2 0 2 1 2 1 0 1 1 0 0 1 0 1 0 1 1 0 0 0 2 2 1 0 1 1 0 2 0 1 1 2 2 1 1 2 0 0 1 2 2 2 1 0 2 1 2 0 1 0 0 1 1 0 2 0 1 0 2 0 1 0 2 2 1 0 1 0 0 2 1 2 2 2 2 0 2 1 1 2 0 2 1 2 2 0 0 2 2 0 2 0 2 0 2 2 0 1 0 2 2 0 2 0 1 0 1 2 1 0 0 0 2 1 2 1 1 2 2 0 1 2 2 1 2 2 1 0 0 1 0 0 0 2 2 0 1 0 2 2 1 2 0 1 0 0 1 0 1 2 0 1 0 1 2 2 2 0 2 2 1 2 1 0 1 1 1 1 0 1 2 1 0 1 0 2 0 1 1 0 2 2 2 0 0 1 0 2 1 1 0 0 2 2 2 1 0 2 1 0 1 2 1 1 0 0 2 1 2 1 0 1 2 1 0 1 0 2 1 1 1 2 1 0 1 1 2 2 2 2 1 0 2 2 1 0 1 1 0 2 1 2 2 0 0 2 1 1 0 0 2 1 1 2 1 1 0 0 1 1 1 2 0 0 0 0 0 2 2 0 1 1 1 2 2 1 2 2 1 2 2 0 
locations
0.00113728 0.00563066 0.00636119 0.0087173 0.0088087 0.00943907 0.0101232 0.019452 0.0227493 0.0239341 0.0260125 0.0346665 0.035615 0.0444584 0.0445548 0.0504 0.0541082 0.0575817 0.0628992 0.0647929 0.0666495 0.0703282 0.0731451 0.0751841 0.0775032 0.077641 0.0790403 0.0836539 0.0842506 0.0871097 0.0931062 0.0997707 0.102155 0.104672 0.111229 0.112689 0.112977 0.113555 0.114484 0.119352 0.128443 0.132492 0.133267 0.134144 0.13474 0.136562 0.136625 0.139798 0.144405 0.146885 0.14793 0.149319 0.152381 0.152473 0.166282 0.166932 0.167437 0.168726 0.170142 0.170453 0.187048 0.188242 0.188957 0.196142 0.199323 0.207234 0.212536 0.216058 0.225033 0.225918 0.229396 0.236956 0.242496 0.245331 0.245347 0.247329 0.251089 0.253907 0.254552 0.255836 0.260708 0.261198 0.26258 0.264848 0.270294 0.278129 0.281326 0.284625 0.297923 0.298469 0.300701 0.301572 0.301813 0.304168 0.307345 0.309832 0.311108 0.312633 0.324096 0.325161 0.328357 0.330405 0.334377 0.338237 0.340123 0.344473 0.352092 0.37537 0.384543 0.393501 0.3954 0.398404 0.400507 0.402736 0.407581 0.408588 0.409068 0.409689 0.409874 0.411839 0.420423 0.427775 0.436261 0.436766 0.437781 0.439328 0.443376 0.444095 0.451695 0.453916 0.455704 0.456212 0.457715 0.461977 0.463712 0.463782 0.472694 0.475881 0.476339 0.476412 0.47722 0.477548 0.478332 0.485437 0.486691 0.488658 0.492804 0.492904 0.495477 0.497042 0.497458 0.505795 0.51253 0.513151 0.515997 0.522572 0.522843 0.524139 0.528815 0.528922 0.52908 0.530542 0.536786 0.537503 0.5405 0.54393 0.544834 0.550859 0.5518 0.552542 0.553691 0.560251 0.560801 0.564103 0.56892 0.569616 0.570821 0.574685 0.577065 0.577984 0.584736 0.589399 0.590561 0.59904 0.605818 0.606142 0.610421 0.616957 0.619041 0.621377 0.622257 0.622881 0.626244 0.633066 0.643162 0.64497 0.646064 0.647848 0.648656 0.657485 0.659283 0.66075 0.66292 0.663207 0.667966 0.674422 0.675703 0.694258 0.703607 0.709423 0.709446 0.715662 0.717152 0.720966 0.724707 0.724886 0.724985 0.730237 0.731162 0.732214 0.734118 0.734472 0.739159 0.743142 0.744286 0.746895 0.749762 0.752682 0.754165 0.75649 0.757651 0.765169 0.766217 0.768751 0.768885 0.777738 0.778305 0.780599 0.781596 0.781644 0.786823 0.792244 0.793952 0.798065 0.799383 0.803599 0.816266 0.817879 0.818599 0.822459 0.834422 0.84421 0.846551 0.86168 0.861726 0.863914 0.86668 0.869652 0.870336 0.873076 0.875284 0.875871 0.87626 0.880397 0.882519 0.884681 0.885664 0.886179 0.892588 0.895266 0.896812 0.898083 0.903236 0.905387 0.908887 0.909154 0.912952 0.925112 0.925378 0.927568 0.928701 0.931948 0.93229 0.932688 0.932796 0.933567 0.935031 0.936388 0.937043 0.940463 0.942555 0.942939 0.94941 0.977793 0.978058 0.982461 0.99081 0.993103 0.998172 0.999293 
effects
0.0141541 0.121376 0.044751 -0.0651322 -0.0239875 0.0594888 0.0139764 0.157265 0.0127298 0.127426 0.0937928 -0.0387101 0.0485277 -0.212631 -0.0600577 -0.145477 -0.0612392 0.0180137 -0.00416858 0.00160869 -0.0759267 0.00195982 -0.0140284 -0.0181427 -0.225595 -0.0983013 0.0335827 0.0164731 0.0344911 0.0131129 0.0213596 -0.110492 -0.23312 -0.00825144 0.196661 0.000821704 0.156907 -0.0101436 -0.000817393 -0.0263166 -0.0873047 -0.118967 -0.0912134 0.0103959 -0.00603599 -0.229634 -0.0213399 -0.0537486 -0.0636566 -0.0479317 -0.214083 -0.0233203 -0.0517223 0.10087 -0.242249 0.0789457 0.0252419 0.0642058 -0.0691046 0.0159246 0.0694355 -0.0306378 0.208712 -0.0275573 0.128883 0.150599 -0.036605 -0.00195525 -0.0190719 -0.0941252 0.103618 0.00199901 0.00199806 0.0812823 -0.043654 -0.0295811 0.0193747 0.0530028 -0.128492 0.0478519 -0.0546616 -0.0823074 -0.00800688 -0.175627 0.15359 0.0908926 -0.0308966 -0.337987 -0.453793 0.0684393 -0.0821543 -0.0210921 -0.0157721 -0.176749 0.0156231 0.0100654 -0.0332667 -0.0103558 -0.0679294 -0.0122265 0.00627667 0.0697584 -0.0367561 0.00359471 0.0489947 0.109319 -0.0209882 0.0827029 0.102498 0.082689 0.132921 -0.0495078 0.125346 -0.0366675 0.0131643 -0.0476872 0.255212 -0.246572 0.299635 -0.00626471 -0.268817 -0.117232 0.00729193 -0.0211411 -0.064678 -0.131466 0.0669774 0.0132162 -0.0834635 -0.113623 0.0168248 0.0595767 0.0351343 -0.104235 0.0238873 -0.0738031 0.0157081 0.00184077 0.0229171 -0.00655687 -0.086048 0.0307035 0.0235494 0.165499 0.0313749 -0.0504223 -0.0733081 -0.153868 0.0392012 -0.0523435 0.0675244 0.116063 0.0577021 0.0303514 -0.0192201 0.0300867 -0.137704 -0.00594339 0.0282903 0.0742617 0.0662646 -0.182511 0.0712939 -0.0550917 0.0398125 -0.108866 -0.00343833 -0.0189484 -0.0238833 -0.121938 0.112381 -0.0119065 0.0362298 -0.0478588 -0.053684 -0.0750735 0.00526616 0.0523215 -0.0139351 0.0867978 -0.17599 -0.00841836 0.0388424 0.0617958 -0.164083 -0.0668215 0.121842 -0.0706758 0.0724658 -0.0404247 0.0734616 -0.316213 0.00342246 0.0414693 0.22646 0.0675312 -0.233169 0.0959829 0.00302326 0.146881 -0.0302848 -0.00863576 0.0635177 -0.0550856 -0.202234 0.0621496 0.0635883 0.0582825 0.11917 0.0646193 0.0225556 -0.0123236 -0.0533591 -0.0122059 -0.0433174 -0.00552008 0.0468478 0.165144 -0.0295322 0.0815169 -0.0904066 0.0767259 -0.0134386 -0.0852474 -0.0459981 -0.03905 0.0330154 -0.213667 -0.111741 -0.0327012 -0.00766683 0.0876602 0.062594 -0.105665 -0.046955 -0.00207671 0.0206959 -0.0559293 0.132466 0.148682 0.00636627 0.0578958 -0.0046444 0.0328666 0.0510535 0.0225764 0.135882 -0.028258 -0.163363 -0.0658638 0.0824762 0.0183691 0.0286071 -0.0930788 -0.0125888 0.0029181 -0.0695874 0.058926 -0.136569 -0.160174 0.0223764 0.00299995 -0.149581 0.040199 0.0445365 0.0244263 -0.00274958 -0.0121866 -0.0253368 -0.25705 0.0148193 0.053479 -0.215017 0.0352057 0.0114449 0.00987071 0.00992049 0.042355 -0.0147145 -0.169061 0.043688 0.00556088 -0.060161 -0.0311468 -0.285981 -0.0120196 -0.00357007 0.299601 0.00492925 0.0189198 0.00354229 0.0168584 -0.104363 -0.0999489 -0.030222 0.11109 -0.0451776 -0.0813628 0.047992 0.0359692 
dominances
0.0119495 0.011874 0.0340242 0.0186506 0.00444033 0.064071 0.166265 0.0446087 0.105021 0.149354 0.113394 0.00605947 0.0219818 0.031985 0.0837856 0.0885483 0.0375721 0.13279 0.185974 0.191042 0.132632 0.00965957 0.0605704 0.202995 0.0701562 0.0658864 0.132887 0.024812 0.152708 0.0492677 0.00145438 0.0211301 0.0884793 0.0292429 0.0576447 0.0952905 0.118764 0.0578791 0.117841 0.0379265 0.116837 0.149884 0.102517 0.0785321 0.109264 0.160147 0.0764517 0.000543494 0.0368999 0.172731 0.075676 0.0281858 0.0267388 0.0281313 0.0768669 0.0629124 0.0818647 0.0579812 0.139908 0.0361495 0.113663 0.0338958 0.0601623 0.0377588 0.117017 0.0389257 0.00639184 0.153247 0.031698 0.0867252 0.0156698 0.126124 0.0697736 0.141839 0.11472 0.0649476 0.0460364 0.236047 0.130905 0.125266 0.00439205 0.0897808 0.127449 0.00164625 0.135946 0.0345027 0.079561 0.0246858 0.126213 0.0587423 0.278702 0.0678694 0.117425 0.0345767 0.0962763 0.108657 0.195161 0.0389353 0.0718023 0.0748072 0.017111 0.0558769 0.0486922 0.0996476 0.0767464 0.0658015 0.0194645 0.0669755 0.0625838 0.00551032 0.0172346 0.108197 0.057074 0.097168 0.0608474 0.152636 0.0850411 0.027682 0.0492422 0.0569226 0.000248388 0.0163681 0.037556 0.103937 0.104052 0.0725996 0.0899313 0.0201154 0.0991113 0.0514057 0.00222584 0.131085 0.0258817 0.0991048 0.133902 0.0237373 0.0214406 0.0722805 0.0863789 0.112676 0.0688839 0.0398079 0.0741978 0.127071 0.0160117 0.0742357 0.241352 0.0316026 0.129292 0.0768169 0.0400076 0.0462341 0.149053 0.0962458 0.0924194 0.0672149 0.089055 0.0641402 0.15954 0.0415771 0.0771772 0.0663745 0.0932951 0.0266948 0.0625568 0.232837 0.158095 0.0348635 0.114195 0.0289348 0.0867582 0.214766 0.00934811 0.0268059 0.0674829 0.0853109 0.0334564 0.0313459 0.0563807 0.029993 0.139583 0.0432933 0.0625633 0.217665 0.0227141 0.100834 0.0964861 0.032163 0.10116 0.026329 0.0439828 0.0148745 0.0519384 0.0802127 0.0793461 0.00923993 0.0161599 0.0864012 0.106935 0.301342 0.0976338 0.0324035 0.169748 0.142928 0.171323 0.0881683 0.00325218 0.050906 0.0186067 0.100543 0.0922341 0.109486 0.089936 0.109856 0.0525372 0.102075 0.198404 0.152393 0.225762 0.0682189 0.0491281 0.203081 0.0656314 0.13299 0.05051 0.0291792 0.167078 0.0776648 0.210155 0.180088 0.0449348 0.0727457 0.0443121 0.036899 0.207005 0.154339 0.0483495 0.124619 0.0556563 0.153208 0.102329 0.0133653 0.102708 0.0250025 0.149391 0.156152 0.0988185 0.0841714 0.0221753 0.0163743 0.12522 0.135461 0.11422 0.0945522 0.00666752 0.118259 0.121627 0.0157405 0.0583543 0.0928129 0.0157134 0.0620035 0.0747661 0.0135805 0.0138174 0.0321861 0.00798815 0.062223 0.102311 0.11366 0.091588 0.0602153 0.128799 0.0838989 0.0171521 0.0308373 0.104363 0.0843942 0.0930847 0.122008 0.0340016 0.22129 0.119622 0.162283 0.0492809 0.020768 0.0304414 0.0491008 0.0171264 0.157698 0.109599 0.240155 0.0126794 0.018835 0.13128 0.103395 0.160299 0.00154036 0.141415 0.11747 

network 0 1000
edges0
5 175 5 5 175 149 5 149 175 111 149 5 111 283 175 282 175 149 283 111 5 5 175 283 111 61 282 149 61 175 5 149 68 283 111 282 116 111 282 68 149 283 175 61 5 175 79 116 283 68 61 111 282 5 61 79 68 145 111 283 5 282 116 149 175 282 111 79 68 175 5 61 283 79 111 282 175 5 61 149 68 7 116 2 2 61 111 5 149 283 116 175 79 68 7 163 282 145 61 145 163 116 85 5 149 2 111 68 282 7 175 79 175 163 145 71 116 111 2 85 149 68 149 145 163 5 79 85 2 283 175 116 2 145 111 282 79 116 163 7 149 85 175 283 282 175 261 85 116 68 283 71 163 68 7 282 79 145 93 149 299 261 5 262 85 7 5 116 61 145 2 79 282 85 71 61 116 79 283 299 282 175 61 287 262 103 7 283 145 2 282 61 175 299 163 149 71 283 2 175 61 262 232 93 5 116 261 149 68 299 104 93 5 175 85 79 145 232 262 283 116 71 287 299 93 61 282 104 79 103 111 71 145 283 299 282 163 68 9 104 282 261 71 175 68 145 79 280 2 7 68 79 61 71 150 111 283 111 282 149 79 299 163 116 68 2 261 299 104 287 93 4 149 232 79 85 37 280 145 5 68 149 150 9 261 146 4 79 163 262 71 5 282 299 280 7 150 209 283 9 175 79 145 85 149 299 68 127 2 232 163 261 282 7 163 282 68 287 71 145 149 4 232 209 7 150 104 280 299 103 93 283 7 149 146 232 209 280 104 283 282 223 163 123 116 7 145 209 241 175 85 68 299 123 145 149 79 127 146 116 299 163 28 104 123 68 79 281 146 61 149 283 5 104 127 287 261 71 282 232 145 223 7 116 93 79 280 262 85 116 232 145 61 9 28 283 123 163 261 104 149 111 145 281 79 280 299 123 116 61 146 5 262 61 150 104 149 283 123 111 163 282 280 262 103 299 104 16 7 261 28 186 123 7 232 281 274 209 4 149 93 153 262 68 150 116 232 287 283 175 123 149 299 85 28 71 145 281 16 163 282 274 181 149 55 116 223 232 2 85 145 186 175 186 262 55 283 7 61 149 209 145 116 4 71 79 283 5 103 287 61 68 111 299 163 9 208 116 253 223 149 283 111 299 186 28 16 104 7 71 73 30 283 261 79 9 16 223 68 5 163 2 163 116 68 83 61 149 79 93 186 262 114 104 283 5 103 71 93 111 116 71 68 175 79 4 104 86 145 282 93 7 170 181 85 283 241 116 98 261 111 253 283 93 149 4 232 209 55 104 9 175 127 2 253 145 163 85 186 299 261 44 104 262 163 299 93 281 68 116 145 61 83 149 209 274 299 61 262 123 175 5 68 16 282 194 217 9 287 145 93 186 153 16 181 2 83 163 186 262 79 71 55 104 30 175 5 7 253 85 145 16 163 30 253 201 111 61 79 232 209 3 4 208 181 145 85 7 170 281 186 150 104 283 181 3 5 7 123 37 71 116 28 163 85 217 274 150 5 104 98 30 114 28 170 2 85 5 4 104 299 145 111 281 284 280 287 283 232 261 79 68 129 281 175 83 282 149 73 208 162 85 181 55 83 163 253 232 71 261 223 98 280 282 104 30 186 155 262 284 129 150 73 155 93 208 85 83 28 284 299 283 86 214 116 79 104 223 146 299 145 71 28 16 55 208 55 149 32 104 299 163 7 282 109 65 83 68 153 283 163 282 253 281 129 284 16 93 170 274 194 71 223 83 145 123 175 284 65 93 283 86 28 192 287 282 114 274 232 163 83 71 16 280 24 73 116 5 36 104 30 175 7 234 253 274 150 208 282 204 111 287 149 9 123 281 282 37 234 146 55 283 249 104 232 30 114 85 123 79 28 299 204 55 181 65 155 7 261 232 283 192 280 5 241 234 111 28 73 46 287 181 190 32 79 123 83 232 299 71 281 98 61 123 73 7 249 275 146 163 3 79 281 55 261 85 299 127 163 249 7 149 5 153 71 175 280 16 9 223 153 111 208 181 116 19 223 232 261 30 281 2 68 61 46 111 16 93 163 85 261 299 228 223 194 282 123 163 129 232 83 71 68 284 153 253 61 73 71 282 37 234 208 109 175 146 79 283 299 98 104 28 163 32 4 284 127 65 114 83 146 208 217 28 287 280 7 146 208 109 190 65 223 68 127 116 145 201 283 262 280 46 68 228 116 209 149 168 104 65 186 160 93 27 104 79 119 2 209 282 165 3 137 155 83 65 67 54 114 280 
edges1
175 149 149 111 111 111 283 283 283 283 282 282 282 282 282 61 61 61 61 61 61 68 68 68 68 68 68 68 116 116 116 116 116 116 116 116 79 79 79 79 79 79 79 79 79 145 145 145 145 145 145 145 145 145 7 7 7 7 7 7 7 7 7 7 7 2 2 2 2 2 2 2 163 163 163 163 163 163 163 163 163 163 163 163 85 85 85 85 85 85 85 85 85 85 85 85 85 85 71 71 71 71 71 71 71 71 71 71 71 71 71 71 262 262 262 262 262 262 262 262 262 261 261 261 261 261 261 261 261 261 261 261 299 299 299 299 299 299 299 299 299 299 299 93 93 93 93 93 93 93 287 287 287 287 287 287 287 287 287 287 287 287 287 103 103 103 103 103 103 103 103 103 232 232 232 232 232 4 4 4 4 4 4 4 4 4 4 197 197 197 197 197 197 104 104 104 104 104 104 104 104 104 104 104 104 104 104 280 280 280 280 280 280 280 280 280 280 280 280 280 280 280 9 9 9 9 9 9 9 9 9 127 127 127 127 127 127 127 150 150 150 150 150 150 150 150 150 150 150 150 37 37 37 37 37 37 209 209 209 209 209 209 209 209 209 209 209 146 146 146 146 146 146 146 146 146 146 146 146 146 55 55 55 55 55 55 55 55 55 55 55 28 28 28 28 28 28 28 28 28 28 28 28 28 28 123 123 123 123 123 123 123 123 123 223 223 223 223 223 223 223 223 223 223 223 223 223 223 223 241 241 241 241 241 241 241 241 281 281 281 281 281 281 281 281 281 281 281 281 281 153 153 153 153 153 153 153 153 153 153 16 16 16 16 16 16 16 16 16 16 16 274 274 274 274 274 274 274 274 274 274 274 274 274 274 274 274 274 274 208 208 208 208 208 208 208 208 208 208 208 208 186 186 186 186 186 186 186 186 186 186 186 186 44 44 44 44 44 44 44 181 181 181 181 181 181 181 181 181 181 181 253 253 253 253 253 253 253 253 253 253 253 253 73 73 73 73 73 73 73 73 73 73 73 73 73 73 73 30 30 30 30 30 30 30 30 30 30 30 30 30 30 30 114 114 114 114 114 114 114 114 114 114 114 114 170 170 170 170 170 170 98 98 98 98 98 98 98 98 83 83 83 83 83 83 83 83 83 83 83 83 83 194 194 194 194 194 194 194 194 194 86 86 86 86 86 86 86 86 86 86 148 148 148 148 148 148 148 148 190 190 190 190 190 190 190 190 190 190 190 190 190 190 190 190 190 190 3 3 3 3 3 3 3 3 3 3 3 3 3 3 3 284 284 284 284 284 284 284 284 284 284 1 1 1 1 1 1 217 217 217 217 217 217 217 217 217 54 54 54 54 54 54 54 54 54 54 54 54 54 201 201 201 201 201 201 201 201 36 36 36 36 36 36 162 162 162 162 162 129 129 129 129 129 129 129 129 129 129 129 129 129 129 129 24 24 24 24 24 24 65 65 65 65 65 65 65 65 65 65 65 65 65 65 65 214 214 214 214 214 214 214 67 67 67 67 67 67 67 67 67 67 67 67 67 155 155 155 155 155 155 155 155 155 155 155 155 192 192 192 192 192 192 192 192 192 192 192 192 192 222 222 222 222 222 222 222 222 222 222 32 32 32 32 32 32 32 32 32 32 32 32 32 109 109 109 109 109 109 109 109 109 109 109 109 75 75 75 75 75 75 75 75 75 14 14 14 14 14 14 14 14 14 14 14 168 168 168 168 168 168 168 168 168 168 168 168 249 249 249 249 249 249 249 249 249 249 234 234 234 234 234 204 204 204 204 204 204 204 204 204 204 204 204 204 204 204 204 204 46 46 46 46 46 46 46 46 46 46 46 228 228 228 228 228 228 228 228 228 228 228 275 275 275 275 275 275 275 275 275 275 275 275 275 275 275 275 275 275 275 160 160 160 160 160 160 160 160 160 160 160 19 19 19 19 19 19 19 19 19 35 35 35 35 35 35 35 35 35 35 35 35 119 119 119 119 119 119 119 119 41 41 41 41 41 41 41 41 256 256 256 256 256 256 256 137 137 137 137 137 137 137 137 137 27 27 27 27 27 27 27 27 27 27 27 27 165 165 165 165 165 165 165 165 128 128 128 128 128 128 128 128 128 128 128 267 267 267 267 267 267 267 267 267 121 121 121 121 121 121 121 121 121 121 266 266 266 266 266 266 266 266 266 107 107 107 107 107 107 107 77 77 77 77 77 77 77 77 77 202 202 202 202 202 202 202 202 202 202 202 
weights
-0.060817 -0.0126666 5.12578e-08 -0.000373081 -5.92293e-06 8.90065e-05 1.65861e-06 0.000653306 0.000113133 2.10595e-07 -0.00277177 1.38896e-06 -8.99392e-05 -0.000816051 -1.56479e-15 -0.000663138 -1.31613e-09 6.45341e-06 4.93949e-05 0.00543171 -6.82956e-05 -0.00151216 3.11567e-11 0.000844451 7.52e-13 1.998e-12 -9.30254e-15 0.041569 -0.000102798 0.00171025 0.00646087 0.0159088 9.86291e-11 5.01233e-15 -0.00245452 3.77207e-05 -0.00233154 -0.00637644 -0.0128635 4.68317e-14 -2.4646e-07 0.00024978 -0.00691092 -8.24921e-05 0.0508578 -0.000116445 8.81082e-14 4.58649e-05 -0.00723296 0.0716459 0.00153152 5.38036e-05 7.77408e-08 -6.7082e-05 -6.04738e-05 0.0183187 0.202877 0.0132411 0.000256065 -1.84036e-07 0.0379173 0.000204537 -2.40572e-05 2.23438e-10 -0.0639128 0.0265855 0.00447129 -1.26417e-11 -0.0140309 1.89598e-08 -2.87101e-05 4.68774e-10 0.000405158 -0.0130238 -0.0780485 -0.0229093 -0.00233794 -3.03497e-11 4.44195e-07 -3.20992e-09 -5.13666e-06 -0.106344 -3.70415e-05 0.0796559 0.0199495 5.52524e-06 -1.07667e-11 2.23669e-06 8.84152e-06 -7.62044e-05 -0.000845397 0.0002685 0.00306044 -3.9547e-05 0.140507 -0.00564433 -1.98267e-07 -0.00725421 0.00351111 -1.16658e-10 0.000322785 2.90399e-09 -8.63019e-05 1.51955e-06 -0.00414497 0.000431607 -3.27308e-05 9.2023e-05 -0.00149074 -0.00288335 1.22077e-06 0.00163506 0.0062201 -6.83941e-05 0.00991141 -1.12017e-09 0.000335894 -1.42739e-17 -2.08561e-08 0.0466935 5.08e-06 -0.00869908 -5.68e-09 -0.0328088 0.00112234 0.0142277 -3.02161e-12 -0.0255272 -0.0005801 0.0143825 -1.90511e-08 -0.00284427 -0.0701915 -0.00307144 9.74682e-10 -2.64922e-05 -0.0044307 -0.0150929 3.9849e-08 -0.0366838 0.0418673 0.0159545 -0.0615655 -0.01366 -2.79274e-09 -5.48782e-07 -0.00534696 1.05001e-11 -0.000617254 0.00189992 -0.00445501 -0.0367863 0.000239562 -4.42498e-14 -0.0159896 0.000102628 -2.38442e-06 -0.000779747 -0.00662098 4.95205e-08 -0.157302 3.71843e-11 8.39575e-07 1.13245e-07 -1.04815e-07 9.61786e-07 3.16166e-17 0.00795263 2.61638e-08 2.74674e-09 -0.0178091 2.60409e-07 0.0631429 0.0023468 0.000646869 2.42712e-25 2.66723e-15 0.017217 0.00206361 1.79155e-10 0.0035139 -1.15426e-07 3.09369e-07 -1.37496e-08 2.48881e-05 0.0138483 0.0432808 -1.00971e-05 0.00625024 -5.15084e-07 -4.6368e-05 0.00572068 0.0274863 2.23461e-07 -6.01614e-13 7.78395e-11 -0.0128592 0.000111255 1.59453e-13 2.21961e-05 -0.000979201 -4.27467e-05 -2.03522e-05 -0.00457392 0.00321505 -5.82101e-06 -0.00180736 0.158516 0.000402654 9.99051e-07 0.000293771 -3.40925e-07 0.00333244 -0.0271366 0.00292181 0.000131833 1.06045e-20 -0.257703 0.00578683 0.0317284 0.00224387 0.00105995 -0.00225707 0.00237005 0.000420397 -4.06172e-05 -3.87779e-05 -1.57127e-14 1.45391e-13 3.76374e-12 0.000682284 0.000693041 0.0404017 -0.00058334 -0.00235017 0.00720945 0.056996 -6.32896e-06 -0.111584 -5.77718e-06 -5.91482e-22 2.56576e-08 0.00150757 -1.69991e-08 -1.5594e-12 4.77758e-06 -8.0069e-07 -0.00430335 -0.000837735 -6.31645e-05 1.29079e-08 3.53214e-06 -3.86201e-05 8.5352e-11 -3.39622e-14 -5.66715e-06 2.24521e-06 -1.86328e-10 1.49268e-06 -2.27215e-08 -0.000101816 6.04944e-05 2.73589e-08 0.000348855 0.000594375 0.105784 0.00387959 0.0294183 -2.81996e-19 -1.02707e-08 0.00380327 -0.00408489 -0.0200313 1.06018e-07 -0.00861189 0.00830628 1.11173e-10 0.00634588 0.00523192 -0.000136926 -2.79011e-10 -1.61578e-13 -0.0148733 0.018694 -4.40757e-05 0.0398525 3.19021e-07 -1.4005e-15 0.0175437 -1.15219e-06 0.157974 0.000252244 0.00434639 -0.0128632 0.00961697 -1.14562e-11 2.23214e-07 -0.000662562 -4.42081e-09 1.82055e-06 1.06453e-07 5.94985e-05 -0.00291802 -9.29241e-14 -0.0139357 -0.000915628 -2.27985e-07 2.15002e-11 2.33708e-11 0.00285645 0.000272394 -0.109308 -3.20865e-07 -0.00016076 0.0168655 0.0150074 -0.000403824 0.00693487 -0.000703395 -1.64005e-09 0.0107916 0.00360816 -0.00902568 4.67787e-06 0.121885 0.0252317 -2.14474e-05 -0.000102453 4.37645e-11 0.00159721 -0.0276774 0.000401145 2.36964e-08 -3.42435e-08 8.08154e-14 -0.00115547 0.00649367 1.08902e-05 0.00493196 9.195e-05 -0.0747099 1.30424e-05 -0.00422904 0.046102 -7.75397e-06 0.0132657 5.10976e-06 0.0521676 -0.000160994 -1.29677e-11 0.000159753 1.26694e-08 -0.00369017 7.57585e-06 -0.000210333 -0.00660978 -0.000208442 4.28753e-05 -0.00477358 4.73263e-06 0.000646093 -0.000687457 1.3766e-18 -0.000828732 0.00127092 0.0145544 -0.00352447 0.000219829 -6.43293e-11 8.64866e-06 -1.36691e-06 -4.99996e-05 -0.00729414 -0.0034671 -0.000360936 -0.00243272 -0.0345523 -0.0146198 0.000815846 2.39843e-10 -5.54462e-18 4.07441e-10 -0.00953363 -0.0157801 -0.000152091 0.000661794 0.00481995 3.34341e-05 7.18804e-16 -0.0156064 -5.20056e-05 0.0110338 -5.25528e-06 0.000224432 -0.0523818 -4.30695e-06 0.0741466 7.61705e-18 7.59215e-07 3.80529e-08 1.28426e-11 0.0053218 -1.52665e-06 0.000114837 0.0272379 0.0753538 0.00545565 0.00045403 1.00518e-07 0.0031493 0.0174205 -3.12569e-10 -0.000361066 -4.19334e-09 -0.000219055 -2.95571e-07 -2.14281e-09 -0.00224969 -0.00401391 -0.000132957 -1.39232e-09 6.26751e-07 1.05815e-09 -1.28806e-06 5.6096e-06 0.191336 9.98703e-09 0.00808968 -8.28129e-05 1.08233e-07 -2.2006e-06 8.62821e-05 2.86376e-09 -0.0256816 1.49209e-06 -0.0036122 -3.36822e-07 -3.57189e-05 -1.63695e-08 -0.0047428 -5.85019e-05 -7.90061e-07 -0.00260392 3.04388e-06 -5.82499e-13 -5.95354e-07 -0.00606023 1.0097e-11 2.17649e-07 -3.00304e-08 2.04747e-05 -2.79028e-06 0.00248896 0.0128774 4.94779e-06 0.00569312 0.000100863 -0.0120412 -5.97182e-06 -9.45236e-05 -0.366879 -0.00015905 0.0284856 -0.000830755 -5.37733e-12 0.00293136 -5.04576e-05 0.00153096 1.26624e-05 0.0113682 -4.68389e-05 0.0287515 6.73402e-08 -2.33868e-05 0.0329134 0.00200498 0.000112587 0.00946762 7.59165e-06 1.35466e-06 0.00134862 0.0136072 -2.00321e-11 0.0728214 -2.18861e-10 7.27808e-12 0.000431974 2.14507e-06 0.021773 0.00957457 -0.00927482 -0.0070553 1.04447e-17 0.0464573 -0.000617137 -0.0215354 -2.24718e-08 -6.4633e-05 -0.000117671 0.00165713 0.00499486 -0.00614938 -8.39651e-06 0.125655 -5.97571e-06 -2.66027e-06 -0.000958477 -4.09653e-09 -0.0394926 0.000604247 0.00272403 9.27623e-06 7.79369e-10 -1.17211e-06 -0.00361444 -0.00801527 0.0169234 -2.34292e-05 0.000768166 0.000122515 0.0301919 -0.00108031 1.67345e-06 0.00107611 -0.0237985 -6.35828e-09 0.000329648 -2.02201e-07 9.1905e-07 0.00132834 5.56069e-10 2.39217e-06 -0.00846159 0.13504 0.000186824 0.00184956 0.00211471 -0.000576792 -0.0289894 -0.00501585 9.67092e-05 -0.0534965 -0.0053542 -9.77344e-08 -9.55261e-06 0.0157658 0.00413099 -0.00915512 -0.000174549 -0.00378582 -3.82465e-05 1.16139e-05 -5.67856e-06 -0.00063432 1.21328e-11 -1.94442e-06 -2.424e-05 -9.03995e-09 3.65073e-06 -1.53079e-11 -0.000154171 1.12754e-11 -0.0995322 -0.00026564 -1.30371e-07 -1.70888e-09 0.122141 2.34896e-11 -0.00427667 0.000666324 -0.000368099 -1.94781e-05 -0.00981934 -0.00863869 -0.000900547 -0.0119143 -0.00114171 -5.59665e-07 0.00502575 -0.196093 -1.15038e-08 0.166138 0.00101217 6.41818e-10 1.62519e-06 6.60219e-06 -0.00104479 -1.73726e-05 0.000539009 2.40292e-06 -0.030424 -0.000467809 -0.000734545 3.4839e-10 -6.66462e-05 4.00015e-06 -7.23511e-05 8.43523e-05 0.000198278 -0.000163386 7.849e-06 -5.35198e-06 0.0124288 0.000364413 -0.0240103 1.71397e-05 -0.169534 0.00962437 -1.35919e-07 -0.000479394 8.59653e-05 -2.1221e-12 0.000322347 0.00111133 0.00396037 0.29448 0.103706 -0.00114072 2.15211e-05 -0.0263095 0.00518476 0.0255479 0.00944216 1.59675e-07 6.95553e-07 0.009771 -0.147283 -1.39736e-05 0.000289484 -1.81187e-09 0.00230518 -0.00204593 -1.46043e-11 -0.0299295 0.0103023 -0.00115213 -1.4256e-20 -0.000751673 5.46486e-16 -0.000601557 -2.21638e-21 -4.95406e-05 -6.08145e-05 -0.0253442 3.03604e-06 3.64681e-06 -0.00478118 -0.000114094 -0.00192101 -4.49943e-06 -1.88532e-05 0.000859877 0.0373306 0.000481635 -2.48472e-05 -0.000226678 0.00277071 -0.0176438 1.23141e-05 -0.00158579 0.00925368 -6.30506e-09 0.000551199 -4.65273e-09 5.73702e-06 -4.41077e-07 -0.0924347 9.21127e-05 -2.94263e-07 -1.04193e-05 2.13992e-09 0.000116548 4.50657e-05 1.10245e-08 0.000500333 1.04895e-09 -0.00292681 -1.99754e-05 -0.000479693 0.00326836 -4.52358e-13 6.41445e-05 1.64913e-09 9.1717e-05 1.51663e-08 0.0413947 -0.0240877 6.28206e-11 1.34113e-07 1.44609e-06 0.0386408 -1.87986e-08 -4.62559e-10 1.24919e-05 -0.0138824 0.00230151 -9.31776e-09 -5.17978e-08 0.00105913 -0.000859973 0.01624 -0.000693201 5.28808e-09 1.44085e-07 -5.98452e-06 -0.000730962 1.79812e-10 -0.0448722 4.35801e-08 -1.0871e-07 6.75215e-05 -0.000122778 -3.28347e-06 0.00602544 -0.000981389 0.000974646 1.5561e-05 2.00856e-05 -0.00666543 -2.32585e-11 8.76538e-07 0.0072625 -0.00299315 -0.000269045 4.21306e-05 0.00342715 -0.000400846 0.000153931 8.01162e-17 4.70039e-07 -3.30529e-18 1.58873e-05 0.000905594 0.000627292 -4.15878e-06 1.08367e-06 -1.52625e-05 0.000229199 1.90109e-05 8.92814e-16 1.23489e-10 -3.38836e-05 3.99586e-07 4.1329e-09 -0.0304633 -1.54372e-05 -0.0151207 -4.73646e-05 -5.98068e-05 -0.0214328 -9.65915e-21 -2.03254e-11 -0.00199367 0.179066 -0.0014257 0.00589242 1.92407e-05 -0.10053 -0.000283326 1.14352e-08 -0.000165027 0.000509328 1.78121e-05 0.016873 -0.0299095 2.11094e-06 -4.10652e-06 -0.00268806 -0.0478527 -0.00311444 0.00155511 3.23685e-06 1.22031e-09 0.00174622 0.0226127 0.0366389 -1.00693e-06 -3.7649e-05 0.00271709 4.79318e-11 6.80988e-05 4.9702e-12 0.125874 6.82408e-05 -3.35236e-11 8.80162e-06 -8.52801e-06 4.73675e-08 -2.00377e-10 0.0212663 0.0172587 2.22407e-05 -6.22257e-06 -7.43571e-12 4.40033e-05 2.35825e-05 -1.65849e-11 -0.000615695 -2.462e-05 -0.0035147 0.00131219 1.95085e-08 -1.59064e-12 0.00151454 -1.42175e-06 -1.03712e-07 6.13971e-09 -0.0606084 0.00115026 -3.079e-16 -0.135932 -5.96205e-15 -0.00606081 -0.00903582 -0.00761749 6.03089e-07 0.00378955 0.010281 4.23409e-06 1.00262e-09 0.00129442 1.23102e-09 -5.23504e-10 -0.00230884 0.00846623 1.59132e-16 0.00202679 -4.19292e-05 1.3613e-12 0.000465337 -1.969e-11 -4.56912e-08 8.89942e-13 -0.00204119 0.000134197 2.1172e-05 0.00420785 0.0408421 -0.000107133 2.40177e-09 0.0100906 2.96506e-06 9.65178e-07 3.39508e-08 -8.82853e-09 -9.73827e-10 -0.00640779 -6.04671e-07 -6.37948e-08 -6.40575e-07 0.0864924 0.0211995 -0.00531711 4.15151e-05 -0.000162973 -0.0128133 -3.35615e-06 -2.34371e-11 -5.81797e-06 9.94472e-11 0.089709 0.0167155 1.32362e-06 5.41266e-07 0.000845299 -1.32795e-06 -0.0106539 -0.00150056 -8.33896e-08 -0.00191609 0.00679915 -0.000673087 -2.62082e-06 5.5665e-06 2.57105e-06 -9.70857e-06 0.00267679 2.15973e-05 -6.7251e-09 7.99833e-12 -0.00179297 -4.43507e-06 -0.000200649 3.01654e-06 1.14374e-18 0.00808611 -2.90692e-11 0.00256655 4.59431e-09 0.0410702 -0.000593893 0.00011151 -0.0106049 0.00016572 1.4431e-08 -0.000382599 -0.000239693 7.26538e-06 -0.00014531 -0.000370001 1.43577e-13 0.000294713 -0.0352126 -2.06959e-05 0.00347748 5.34799e-06 0.000110364 -1.02583e-07 -0.000565264 3.34231e-05 2.32173e-09 -0.0576327 6.34707e-06 -0.0478022 -0.00117343 1.60648e-05 0.0033885 3.18351e-15 -0.00309297 -1.42799e-08 -2.31366e-14 0.000196339 -4.7908e-10 -0.000270824 3.44641e-05 -0.000535862 -3.43189e-06 0.0510444 -1.39175e-10 -0.00720308 0.0016251 6.28364e-13 0.000649429 -0.0395438 2.21828e-05 0.0147996 -9.00914e-12 0.00139046 6.91783e-05 9.94162e-05 -0.00187459 5.23742e-13 -0.00153243 -4.04399e-06 -1.78781e-15 -1.7626e-05 -3.30905e-05 1.95747e-05 0.000532884 -0.0343484 -0.00353913 -4.29258e-07 -1.80219e-10 0.00165037 -9.78039e-09 4.41066e-13 2.03036e-05 0.00340874 -7.07109e-10 9.22034e-10 -0.0144225 6.49861e-10 -0.137654 0.00153009 -3.57553e-15 -0.0114883 -3.70777e-06 4.43051e-06 0.00451126 0.00270668 -8.69918e-05 -0.000154984 1.83047e-07 -1.07506e-12 -0.0134101 -0.0260618 1.45859e-05 -0.00115579 4.45695e-06 -3.13038e-06 1.01768e-08 0.0012935 -1.06049e-06 0.000526146 -0.00295005 -0.000257934 0.00163185 0.0142209 2.87341e-05 -0.0646919 -5.2243e-05 -0.0254412 -0.00120694 0.00104865 0.00848949 -1.20393e-05 -2.88904e-11 -1.14803e-07 -0.000168027 -8.6537e-09 

network 1 1000
edges0
289 161 289 144 289 161 161 52 289 144 169 289 161 144 52 161 289 144 258 52 169 144 161 52 169 289 23 258 258 23 289 52 161 169 144 23 289 34 196 161 144 169 52 258 23 161 169 258 243 52 144 196 34 289 289 196 34 243 225 258 144 161 52 23 169 225 289 52 34 31 161 258 169 225 161 144 243 52 289 23 34 31 225 243 52 31 34 147 289 161 23 169 144 196 147 34 258 144 31 243 225 196 229 258 23 276 31 196 52 144 225 243 161 243 8 225 52 255 144 289 258 196 276 31 169 196 23 225 147 34 144 255 254 243 52 243 161 225 196 23 8 169 255 31 229 144 254 185 52 34 147 258 8 52 255 34 144 23 229 258 169 147 31 225 185 52 23 254 229 258 196 52 221 169 255 34 147 161 34 255 31 289 276 147 255 225 276 34 161 258 254 185 169 31 289 243 265 52 229 258 52 74 243 147 213 169 23 276 254 221 144 161 265 74 52 23 147 185 213 254 255 34 278 225 258 196 229 254 276 289 161 169 185 23 34 288 8 243 52 84 255 196 52 84 255 288 126 225 276 269 213 8 74 185 289 23 258 254 34 52 255 278 23 31 147 34 52 126 84 8 243 161 196 265 144 288 31 196 258 34 254 278 243 169 161 269 185 52 221 74 23 161 196 225 276 258 255 233 225 166 258 196 255 243 278 276 161 52 42 254 23 225 265 213 84 233 74 185 231 47 254 225 42 147 196 243 254 161 221 269 276 8 52 169 288 8 213 166 225 161 34 207 52 258 254 42 269 34 288 52 126 169 258 213 147 255 240 31 184 52 255 8 258 124 278 221 276 166 265 258 276 229 126 42 84 229 52 144 243 289 278 185 288 84 243 124 233 42 254 161 225 52 184 126 144 213 47 74 147 231 84 255 124 233 278 185 52 289 213 254 276 169 255 289 225 185 229 23 31 254 240 169 187 161 196 74 182 258 133 169 124 182 207 221 269 34 169 144 23 196 229 47 164 243 166 133 213 258 161 144 221 240 31 231 187 70 207 8 31 196 233 166 243 289 269 126 31 207 144 52 255 185 229 289 34 131 278 164 258 196 88 42 269 31 183 144 161 164 95 233 23 42 213 269 169 183 184 40 185 31 258 161 207 207 100 144 42 225 213 243 84 34 278 31 277 231 276 42 258 23 289 258 221 225 52 278 273 277 216 166 34 196 258 52 233 185 147 225 255 207 169 56 289 196 84 231 229 225 52 240 213 133 169 161 233 265 225 269 147 243 82 187 84 213 255 196 133 166 258 207 216 269 289 34 161 56 26 126 82 229 31 233 278 84 147 213 182 133 124 289 207 166 95 133 34 84 82 52 185 225 289 273 254 233 213 184 52 84 238 254 278 82 185 74 184 47 161 269 169 124 254 240 21 225 52 278 161 288 42 183 147 169 66 33 233 225 47 34 8 144 187 74 269 240 124 133 225 255 216 82 258 42 126 265 124 66 207 187 133 196 233 122 166 269 144 84 183 131 74 131 34 144 229 31 258 47 225 82 124 124 278 96 169 31 23 255 225 289 196 144 276 126 74 196 258 265 56 52 66 8 218 288 269 124 161 166 78 243 196 100 34 133 184 144 213 229 255 187 289 52 66 218 52 126 213 183 243 161 178 147 220 182 158 8 229 52 218 276 169 254 277 254 206 231 31 138 47 276 84 278 78 269 164 34 207 124 96 255 161 42 144 31 131 34 218 82 42 78 161 147 178 225 229 243 171 166 269 66 126 236 88 26 221 216 52 238 122 124 196 124 276 34 265 276 254 88 34 133 184 185 288 178 161 196 277 269 78 278 258 12 229 254 171 34 23 184 183 82 220 126 185 238 213 191 189 207 161 0 254 225 56 82 184 70 84 288 240 255 31 196 122 47 269 52 161 96 8 254 171 289 144 138 82 158 23 0 124 213 164 255 225 169 96 56 74 225 63 131 255 276 243 213 52 255 184 233 31 95 122 23 243 213 34 178 273 31 33 23 147 82 195 138 276 34 229 161 216 225 207 229 133 213 122 52 88 126 144 269 131 124 82 207 225 265 169 273 264 8 206 278 21 276 8 154 66 169 213 258 48 278 218 169 52 161 147 269 277 23 34 124 213 126 144 84 52 187 171 254 43 31 100 240 84 289 264 171 166 8 255 196 233 42 47 60 63 138 265 180 144 178 34 191 31 213 34 289 8 264 288 134 233 182 278 134 166 131 265 48 258 196 69 231 191 31 255 82 161 229 206 252 
edges1
161 144 144 52 52 52 169 169 169 169 258 258 258 258 258 23 23 23 23 23 23 34 34 34 34 34 34 34 196 196 196 196 196 196 196 243 243 243 243 243 243 243 243 243 225 225 225 225 225 225 225 225 225 225 31 31 31 31 31 31 31 31 31 31 31 229 229 229 229 229 229 229 147 147 147 147 147 147 147 147 147 147 276 276 276 276 276 276 276 276 276 276 276 276 8 8 8 8 8 8 8 8 255 255 255 255 255 255 255 255 255 255 254 254 254 254 254 254 254 254 254 254 254 254 185 185 185 185 185 185 185 185 185 185 185 213 213 213 213 213 213 213 213 213 213 213 213 213 213 213 213 221 221 221 221 221 221 74 74 74 74 74 74 74 74 74 278 278 278 278 278 278 278 278 278 278 278 278 265 265 265 265 265 265 288 288 288 288 288 288 288 288 288 288 288 288 288 288 269 269 269 269 269 269 269 269 269 269 269 269 84 84 84 84 84 84 84 84 84 84 84 84 126 126 126 126 126 126 126 126 126 126 126 126 126 126 126 126 126 126 126 207 207 207 207 207 207 207 207 207 166 166 166 166 166 166 166 166 166 166 233 233 233 233 233 233 233 233 233 233 233 233 233 233 233 233 47 47 47 47 47 47 47 47 47 47 47 42 42 42 42 42 42 42 42 42 42 42 182 182 182 182 182 182 182 182 231 231 231 231 231 231 231 231 231 231 240 240 240 240 240 240 240 240 184 184 184 184 184 184 184 184 184 184 184 124 124 124 124 124 124 124 124 124 124 124 124 187 187 187 187 187 187 187 187 187 187 187 187 70 70 70 70 70 70 70 70 40 40 40 40 40 40 40 277 277 277 277 277 277 277 100 100 100 100 100 100 100 100 216 216 216 216 216 216 216 216 216 164 164 164 164 164 164 164 164 164 164 164 164 164 164 133 133 133 133 133 133 133 133 133 133 133 158 158 158 158 158 158 158 88 88 88 88 88 88 88 88 88 131 131 131 131 131 131 131 131 131 131 131 131 131 131 131 131 131 95 95 95 95 95 95 95 95 95 95 183 183 183 183 183 183 183 183 183 183 26 26 26 26 26 26 26 26 26 26 26 82 82 82 82 82 82 82 82 82 82 82 82 82 82 82 82 33 33 33 33 33 33 33 33 273 273 273 273 273 273 273 273 273 273 272 272 272 272 272 272 272 272 272 56 56 56 56 56 56 56 56 56 56 56 96 96 96 96 96 96 96 96 96 96 96 96 238 238 238 238 238 238 238 21 21 21 21 21 21 21 21 21 21 236 236 236 236 236 236 236 236 236 236 66 66 66 66 66 66 66 66 66 66 66 66 66 122 122 122 122 122 122 122 122 122 122 122 122 122 154 154 154 154 154 154 154 154 154 154 48 48 48 48 48 48 48 48 48 178 178 178 178 178 178 178 206 206 206 206 206 206 206 206 206 138 138 138 138 138 138 138 138 138 138 138 138 171 171 171 171 171 171 171 171 171 171 171 171 171 171 171 171 78 78 78 78 78 78 78 78 78 78 218 218 218 218 218 218 218 218 218 218 218 218 218 189 189 189 189 189 189 189 189 189 220 220 220 220 220 220 220 220 220 220 220 25 25 25 25 25 25 25 25 25 195 195 195 195 195 195 195 195 195 195 195 12 12 12 12 12 12 12 12 12 248 248 248 248 248 248 248 248 248 0 0 0 0 0 0 0 0 0 0 0 0 0 227 227 227 227 227 227 227 227 227 227 227 227 227 227 191 191 191 191 191 191 191 191 191 191 191 203 203 203 203 203 63 63 63 63 63 63 63 63 63 63 63 63 63 264 264 264 264 264 264 264 264 264 264 264 264 264 134 134 134 134 134 134 134 134 134 134 134 134 134 134 134 134 134 134 134 180 180 180 180 180 180 180 180 180 180 180 180 180 180 69 69 69 69 69 69 69 69 69 69 242 242 242 242 242 242 242 60 60 60 60 60 60 60 141 141 141 141 141 141 141 141 43 43 43 43 43 43 43 43 43 43 43 43 43 43 237 237 237 237 237 237 237 237 237 237 237 252 252 252 252 252 252 252 252 252 252 252 293 293 293 293 293 293 115 115 115 115 115 115 115 115 115 115 115 115 270 270 270 270 270 270 270 270 270 270 270 270 296 296 296 296 296 296 296 296 296 296 296 296 296 296 296 51 51 51 51 51 51 51 51 29 29 29 29 29 29 29 29 29 29 290 290 290 290 290 290 290 290 11 11 11 11 11 11 11 11 11 
weights
3.00244e-08 -5.36978e-05 -0.00273608 -0.0010071 0.00924532 -3.40979e-05 0.00370396 -0.0161782 -4.63909e-10 -5.17002e-06 0.0860513 0.0559582 -0.000249502 -8.11452e-11 -0.0186882 -0.00147531 -3.99202e-06 -0.00418916 -4.60986e-07 0.000756975 0.00574283 -1.02079e-14 0.000263887 -0.000168215 0.139069 3.17823e-10 -1.09777e-05 -3.06033e-08 0.00117725 -0.00275107 2.96742e-32 0.0108153 -0.000144888 -0.000805538 -1.89011e-06 -3.93509e-05 0.00153141 0.0192232 0.0196856 -0.0129039 -0.00624797 4.51883e-06 3.23889e-09 1.06231e-06 0.00142359 -2.2727e-08 -0.0289568 -1.6275e-12 -0.0165809 0.0016066 -1.69278e-05 0.00246953 2.54796e-07 -6.03541e-09 0.00137673 4.87668e-05 4.94997e-05 0.0325428 -0.000120286 3.78248e-06 -5.75035e-10 2.2031e-05 1.52854e-12 8.28739e-11 3.16195e-05 0.0525573 -0.000190446 0.000611929 0.00481827 -0.218336 -0.02013 -2.02493e-05 4.82437e-08 0.000835832 -0.00583624 2.19934e-08 -9.06105e-07 -0.00123143 0.000112394 -0.000180066 -0.00753534 -0.000115335 -3.33317e-08 0.000116878 -2.59003e-05 -0.00141858 -0.038611 0.0107512 -0.00410628 0.098705 3.84513e-07 -3.34658e-10 -0.00511717 0.000227225 -0.120175 0.0861297 -1.03663e-17 -4.67443e-09 1.0675e-07 0.0526934 -2.07288e-09 -0.00455774 -6.20493e-11 -9.53825e-16 3.36099e-06 -1.89507e-06 0.1054 -8.26718e-05 1.26768e-14 0.0220131 9.29331e-08 -0.00135014 -1.51336e-07 -0.165677 -1.20585e-08 -7.60695e-06 -0.0209726 -6.47931e-08 1.70775e-15 -1.28843e-11 -0.000432984 1.39007e-13 -1.4784e-05 0.00328313 -2.13988e-08 -1.50141e-05 -0.00167293 -1.26457e-05 -0.00234277 -0.000397621 0.00309045 9.26468e-13 0.0136891 5.89358e-10 4.41058e-09 6.62374e-07 -0.000929531 0.00267064 -4.99995e-08 0.000991372 -3.0481e-05 -5.17328e-05 -5.50063e-11 -0.0859318 -0.000643793 0.00333443 -0.00505389 -0.00525872 4.38157e-12 4.50265e-12 0.000155189 -7.82384e-06 3.78002e-05 -0.00313347 -2.93597e-10 1.32371e-06 0.000204591 1.22281e-07 -0.0790697 4.77267e-15 0.0401121 1.1026e-06 -0.00367093 -6.73021e-16 -2.48023e-06 2.07022e-08 -3.23848e-05 -5.19483e-05 8.98092e-15 -0.00010292 0.000730959 1.34763e-06 -8.47834e-06 -0.0176983 1.5722e-06 -5.10734e-06 -0.0346311 0.000116024 -1.41486e-05 0.00684317 -4.04714e-06 0.0042169 -0.0138251 -5.58576e-08 -3.74379e-13 -0.00942592 7.72258e-09 0.000601367 -0.000271659 0.000123861 0.00404411 0.00287522 -0.00145052 -3.92051e-25 -0.000318586 3.18662e-05 -0.000454102 -2.89854e-07 0.116619 0.00127991 -1.72528e-09 -0.0213726 0.0632026 -4.91853e-06 -1.57473e-12 -0.0154565 0.0473325 -3.38483e-05 1.6556e-07 -0.000270543 -0.183066 2.28545e-08 -1.92671e-07 -6.05965e-05 0.0211631 1.18445e-09 -0.00117733 -1.4736e-13 -0.0123376 -0.000528646 -0.00210767 -6.52611e-05 0.00389742 -0.0278538 0.0321766 6.83383e-11 0.000957398 -0.000584622 0.00186195 -1.00788e-06 0.0605732 -0.0113002 0.0222645 3.97621e-10 -0.000157862 -0.074216 0.0105785 -0.010766 -1.78605e-10 0.000411472 -9.69962e-07 0.000700609 2.36024e-06 -0.000744545 0.000273783 3.45867e-11 -8.45857e-05 0.000920083 -0.0178612 0.0165666 -0.00353428 0.00468607 -8.29533e-08 -2.13127e-10 -0.000972278 6.37832e-08 9.78053e-14 -8.61782e-06 0.0106734 3.15668e-07 2.09969e-05 4.39007e-14 -7.63148e-05 -0.00112473 3.80894e-08 -4.1284e-10 -4.71914e-06 -1.13532e-10 0.000451258 -5.74784e-18 8.54169e-09 5.73965e-06 -0.0257221 0.00168635 4.70359e-07 1.8588e-06 -2.04092e-06 -2.1643e-09 -0.0272101 0.00915125 0.0597331 -1.48141e-11 2.5035e-14 -6.10781e-07 1.57478e-07 -0.0196172 0.0592079 -0.00172621 0.00514658 3.49244e-08 -1.17478e-20 -0.0953813 -3.55841e-12 0.000987478 -0.000117321 -1.03955e-06 3.90077e-05 3.28881e-06 -2.48918e-07 0.00582351 2.49463e-07 -2.98925e-07 -0.000482773 -1.22393e-05 -2.67754e-12 0.0155949 0.00106932 5.50814e-11 0.00154154 0.000454986 0.000109718 -0.00376255 0.0225135 -0.000656861 0.000428065 0.25187 -1.12058e-06 1.75176e-05 5.07639e-07 0.0062355 -0.000290183 3.56029e-12 7.78974e-05 0.00527173 -2.70275e-06 0.000274866 -3.26198e-05 0.0041841 2.83037e-06 9.76744e-08 -5.53614e-07 -0.000684613 0.0798779 -1.00641e-07 5.23995e-09 1.46259e-06 -0.00184565 -1.65246e-09 -3.81094e-09 -0.0164498 0.00146086 -9.53299e-07 6.10323e-12 -0.00627429 0.000363512 9.11069e-13 1.02294e-12 8.33325e-06 -6.68852e-08 -0.0532231 4.74177e-09 -0.000336396 -1.56031e-05 0.000806977 -0.00803804 0.000133674 -2.49647e-05 0.0456673 -0.00285757 -0.0846898 -0.0115884 -0.0328305 -0.000479396 0.0291093 -0.000271942 -0.00274767 3.55122e-05 -1.13259e-05 -8.21469e-13 -0.0130297 0.0259136 0.0760453 -8.47e-07 0.00182678 1.16545e-13 -7.07988e-10 0.0268657 -5.45976e-06 6.08874e-05 -3.59593e-06 -0.00227545 3.60683e-06 -2.77232e-05 -5.36957e-06 -0.0001332 -0.0041958 -0.00967181 -3.38646e-08 1.06687e-13 -0.0123032 2.2148e-06 -7.36717e-06 0.00271331 0.101078 -0.00178854 -1.98973e-08 -5.42552e-08 1.71933e-08 -0.000275128 1.96648e-06 -0.0384059 8.21469e-10 0.00399146 -0.000133205 -0.000646203 -0.0367689 0.000322479 -1.90488e-05 -0.00763543 0.00428031 4.71523e-10 3.01458e-05 -0.00201518 0.00120302 -0.000871366 -0.000376135 -8.08895e-07 -0.00164544 -0.0457708 -0.00861552 2.46677e-09 -0.00288726 -0.000330378 1.29925e-05 0.00167002 5.32887e-06 2.15467e-07 -1.18611e-13 -3.75803e-11 0.0214087 0.046269 2.44438e-05 9.98047e-06 1.54423e-06 -1.68672e-10 -2.8995e-07 0.000368868 2.26427e-05 -1.43256e-10 3.58915e-08 -4.30876e-09 -8.87823e-13 3.54374e-05 -0.000826344 -2.14719e-06 -0.00124585 1.44459e-05 0.00139484 -0.000595176 -3.40607e-06 -0.00751681 0.000266023 3.75742e-09 0.0443091 5.69211e-12 0.000145889 -2.77698e-06 1.33671e-07 4.10008e-11 -3.96418e-07 -7.63845e-07 -0.000122374 -5.32701e-07 0.00544502 -2.81427e-11 -0.00321811 9.39297e-05 0.00234692 2.08127e-07 -0.0151117 -0.0102393 -0.00578861 0.00990969 -9.86572e-05 -7.75531e-14 -0.00326348 -1.30304e-05 -1.29972e-16 0.000342374 -0.000240354 -1.46598e-13 -0.000177957 0.00210111 -2.59157e-12 -0.00133587 0.0177125 -0.0145263 0.00034537 4.95795e-06 0.295916 -0.000109776 0.00585151 0.000472112 2.43096e-05 0.0061825 0.0102359 -0.0116014 8.05879e-10 2.64757e-08 0.0223884 -1.23601e-11 -0.00125464 4.44645e-05 0.00157444 0.0277969 9.64066e-07 0.00321548 0.00451844 -0.00699483 0.000189452 0.000114326 -0.00462643 -0.0824832 2.6839e-07 0.000227803 0.00505309 6.25312e-12 -1.36573e-08 -0.00646016 -0.000197311 -1.48568e-06 -0.00333431 0.0111757 -0.00098732 2.82493e-07 -1.88686e-05 -0.00050255 -0.0024454 0.00150912 -0.00411372 0.0138023 3.89486e-09 -2.8096e-05 7.81258e-06 -0.016 -4.88443e-06 -6.85026e-09 9.80269e-06 0.00384856 0.0644517 0.000749648 -5.74036e-05 0.000441102 0.209297 -0.00457448 9.53853e-07 -0.093779 -0.0058945 -0.0441893 0.00660733 9.07405e-05 -9.48308e-05 1.54405e-08 8.17892e-07 -8.66093e-12 0.000825717 2.31524e-05 -0.00531771 0.00407601 9.70622e-09 0.00884069 -0.000693068 -1.32235e-07 -0.000132828 -0.000933857 -2.87891e-06 -0.000927554 0.0316755 -0.000384917 0.00475268 0.0391661 0.000163838 -0.00199018 0.000790822 -8.79705e-07 1.76615e-05 -0.0270946 3.08685e-06 -5.74912e-06 1.02756e-16 -0.0024946 0.0419274 1.5643e-07 3.0319e-11 -1.34389e-05 -4.63761e-10 1.25342e-05 0.0194007 0.000222541 0.000355126 -0.00539084 -0.0275156 -1.29476e-05 -7.07369e-05 -0.0161923 0.00633641 4.41818e-06 0.00783532 -0.00128682 -1.59967e-07 -0.0014183 0.00159581 -0.00772287 -2.84081e-05 -7.8014e-07 -0.000394927 0.00143339 0.137931 0.0008023 0.000462171 -1.04909e-08 -4.27965e-07 4.1336e-05 -6.25249e-12 -0.00224284 -6.5171e-07 -8.27707e-09 -0.0134684 7.91344e-06 -0.0393815 -6.23591e-06 4.16791e-05 -2.60779e-06 -5.28894e-09 -0.0143253 -0.00149378 -4.7774e-05 0.00263586 -0.000228394 -5.91125e-06 -8.87769e-06 6.77455e-07 7.01903e-08 1.9829e-06 0.0600591 -0.0273671 5.22322e-05 -0.000278392 0.000330115 0.00485535 1.0787e-06 -0.00895002 -0.000305484 0.00840224 1.59724e-14 -2.97381e-12 -5.17594e-14 -0.00499786 1.61126e-12 0.000366933 -0.0305491 1.86653e-10 1.70539e-07 0.00012157 1.33783e-08 0.000126372 -6.05883e-08 0.00182525 -3.34823e-11 -0.000158395 8.02354e-05 0.0500202 -3.81501e-05 3.47096e-08 0.0635591 0.000124699 6.21245e-05 3.91177e-05 3.29961e-05 0.000746745 0.0127086 -2.15172e-06 0.00802407 0.000368655 9.04658e-05 0.00255748 -0.0503576 2.2183e-07 -1.5065e-06 -0.00302973 0.000560718 -0.000133963 -6.18887e-07 0.0981528 0.000362761 -0.0489798 0.0100058 0.000897731 -0.0697348 0.0604427 -1.81502e-07 0.000570031 -1.78321e-07 5.35545e-07 0.0178889 0.020859 0.0809442 -0.0572901 0.0139288 -0.000216566 1.97225e-09 2.95078e-10 -0.11202 0.0224497 8.66624e-06 8.27092e-10 0.0113215 0.00747522 -3.477e-05 2.88122e-05 -0.00309405 -0.000385646 -0.0294459 8.12157e-11 -4.23595e-07 0.0153613 0.0849855 -4.15208e-06 -0.00185002 3.61935e-12 0.000496773 8.88776e-07 -0.000933651 0.000430946 0.00106993 0.000574219 -1.10206e-06 0.00219535 -2.28479e-05 -2.35223e-08 -0.0220375 -0.00497973 -1.14391e-05 3.25761e-07 3.10527e-06 -0.1165 -1.72418e-06 4.04976e-07 -0.000141299 1.99565e-06 -9.80139e-12 -1.48457e-05 -0.0149105 -1.16309e-11 0.0383701 -9.38441e-06 0.00311164 5.27316e-05 -0.0133839 -0.0798987 2.66936e-06 0.00499192 -3.02224e-06 0.0238303 0.00336567 -0.00236403 0.000486083 6.29598e-08 -7.73582e-06 2.02435e-05 -0.00155328 -0.0152911 2.22318e-26 1.25005e-08 3.57003e-10 0.00193752 0.0186602 -2.12551e-09 -7.13045e-10 -1.08231e-06 -3.62096e-08 0.000192885 -2.61153e-11 -0.00207955 0.000157008 0.0124473 0.0297809 0.000783915 -4.75627e-13 0.25227 -0.000416851 -0.0599965 -0.0693425 0.0508299 -8.67834e-06 -0.00076541 -2.15229e-06 0.00047686 -3.62729e-05 0.0428496 2.71892e-06 -1.2068e-05 0.00130464 0.00744427 0.0175634 -0.202139 -0.0448677 -6.53345e-06 -0.10512 -9.49725e-17 1.88316e-09 -0.00109734 3.76553e-08 -0.000490278 -3.05672e-07 0.170852 -2.16581e-05 0.0120987 -5.25845e-09 6.15521e-06 -6.26225e-11 -0.000702334 0.00213747 0.0126822 -0.00821389 -0.000693025 -2.10729e-08 0.0466782 0.000304782 -0.0114773 2.58027e-07 -0.00237931 -0.0173934 0.00835995 4.88398e-07 2.41142e-05 0.000107719 -3.3893e-06 1.68253e-07 -0.00171263 -0.0304362 1.64134e-05 1.0319e-16 2.24096e-10 -0.0259552 0.0067047 -0.00468418 -2.11343e-06 0.0621076 -0.0104942 -0.0372749 -0.0122957 -0.0751461 -0.00531973 0.0446882 -4.6025e-12 0.000505713 1.36629e-07 0.000114923 3.40428e-07 -4.393e-05 2.29388e-06 -0.0136458 0.00350108 -0.0617631 0.00585236 0.00203052 -0.000808469 0.000407872 -0.0207303 -2.12806e-06 0.00181937 0.00758406 -0.00711962 0.0416263 -0.00138549 0.00204517 -0.000913125 0.0207818 3.35376e-05 0.00227518 0.00374463 0.00136936 -0.00329602 -0.0245739 0.000416262 -0.0180914 0.0318068 6.35858e-05 0.0782725 -5.24274e-07 -5.57528e-05 -9.1197e-06 0.036094 -7.61359e-09 4.17496e-06 -2.22755e-07 -0.00373577 -0.0098097 -0.01629 -2.77334e-07 0.00277896 2.86865e-14 0.000157638 -5.10337e-05 -0.0006606 -1.03926e-05 -0.00644208 0.0159908 -0.0264988 0.00343573 -9.61415e-09 0.000116505 -0.00247763 0.0304126 -5.45144e-06 -7.71252e-06 0.0176114 -2.35814e-07 -0.012111 0.00117734 -5.02126e-07 0.0157238 0.000982902 0.00141033 -1.31531e-05 -1.49271e-15 -9.9566e-18 0.138135 -3.01064e-07 3.97995e-09 0.000128021 2.18127e-05 7.73559e-08 -0.00183132 -0.278135 -1.6654e-07 0.000753062 2.41564e-21 5.66197e-11 -0.000177978 1.02766e-05 -0.000644845 -0.000103982 -0.00954549 -0.000474546 -0.00359558 -0.000732894 -5.55271e-10 1.04688e-22 -2.05998e-15 0.0401541 4.0851e-06 -0.00261771 0.000432693 0.0564515 -0.00988399 -0.046318 -0.00244796 4.34623e-06 -8.00205e-07 -0.00781298 6.54539e-15 0.0243774 0.0758148 0.000168929 -1.04167e-05 -3.36537e-06 -1.753e-05 -1.4601e-08 -0.132026 -9.98979e-10 1.06671e-12 -7.29208e-05 9.08876e-05 -0.00112993 0.00482442 0.00317169 -2.24849e-05 -0.00539963 -0.0314935 -0.000358381 1.5919e-14 0.111986 -5.59737e-11 0.0263807 -0.0030207 0.08532 -7.66976e-05 3.08053e-06 -0.00169237 2.11416e-05 -0.0190967 0.00113044 -0.00759809 0.0256896 1.01648e-11 -0.00042849 -2.73364e-05 -1.13654e-07 -7.73398e-08 -4.51307e-10 2.60515e-06 1.05504e-15 0.00020498 1.88355e-07 -5.96103e-26 -2.01399e-06 7.05526e-06 0.00024541 

network 2 1000
edges0
212 177 212 101 177 212 212 177 101 106 212 101 106 177 64 193 106 177 212 64 101 64 101 212 177 139 193 106 177 106 212 139 101 64 210 193 139 106 210 101 64 193 177 117 212 139 106 212 177 279 101 64 193 210 106 117 212 279 101 294 64 210 177 193 139 101 117 210 193 279 64 193 101 212 106 64 177 279 294 286 139 117 174 210 210 64 279 193 286 81 212 210 64 174 212 294 139 81 193 211 193 259 212 294 211 117 64 286 81 101 210 174 177 177 294 106 101 279 81 279 212 259 174 142 193 177 64 259 117 177 193 142 211 64 279 101 174 286 139 212 106 81 10 210 139 125 177 279 259 174 286 117 212 177 106 125 118 294 211 142 101 210 211 294 118 212 117 263 259 286 101 259 101 210 142 125 211 117 177 193 139 286 210 64 212 279 81 142 193 177 106 211 142 89 101 174 81 177 250 53 125 279 106 286 259 210 64 193 89 101 211 259 250 142 193 64 286 279 263 279 210 142 10 105 259 212 89 118 106 139 53 193 106 226 139 64 279 263 212 81 142 174 90 286 81 211 177 210 263 139 259 64 245 81 279 210 10 226 106 177 259 193 210 279 106 250 177 250 156 142 210 117 105 211 156 81 263 198 210 90 295 101 139 87 105 106 90 64 177 193 212 139 210 118 174 101 179 105 294 89 139 101 193 286 250 58 81 64 90 177 193 90 226 211 174 245 81 142 212 210 64 198 125 177 210 279 193 226 106 142 250 174 106 101 177 10 117 211 295 139 151 294 179 10 259 142 193 64 212 101 105 53 159 286 210 117 142 286 193 90 226 294 210 174 117 245 110 142 156 106 279 250 263 212 139 10 142 151 211 87 142 193 177 211 101 179 198 295 117 139 18 250 245 81 90 151 89 10 211 174 210 125 118 142 174 156 151 118 226 81 193 125 279 177 286 106 279 58 105 294 198 64 53 101 142 20 81 286 118 198 151 177 10 18 259 174 174 64 179 142 139 226 58 142 230 193 120 295 58 286 106 117 110 245 105 179 263 157 230 6 90 193 176 210 106 156 101 58 174 53 259 76 179 101 18 193 81 64 142 250 279 152 212 156 286 106 81 125 58 18 212 279 286 139 101 250 224 120 81 125 64 157 250 117 130 295 106 177 179 139 90 193 177 142 174 87 120 106 81 106 244 210 142 81 193 259 279 125 64 250 152 81 142 6 110 257 279 139 120 295 193 294 279 263 250 230 142 244 224 101 156 87 130 139 159 64 125 157 291 81 245 212 105 226 90 139 89 87 101 239 10 142 210 58 246 64 212 89 106 250 193 157 257 125 177 101 81 10 106 105 76 139 125 224 193 259 53 112 212 156 81 110 174 215 110 101 294 193 106 286 257 279 112 142 230 89 64 120 159 157 247 120 174 142 294 212 295 110 244 101 156 271 81 210 246 105 117 230 245 271 294 101 295 87 174 105 212 263 117 20 286 105 151 212 250 58 193 81 177 57 113 245 142 295 101 212 210 226 245 177 157 198 112 118 105 89 193 112 57 198 176 263 279 101 193 246 110 142 90 177 210 112 6 200 177 105 193 81 295 140 101 125 58 139 118 250 49 193 263 22 177 106 81 177 117 110 174 142 245 279 247 64 58 120 22 125 139 101 117 286 193 157 230 259 291 211 271 101 64 177 117 10 279 205 87 193 142 105 210 81 64 159 80 226 130 177 198 247 244 57 106 279 198 110 244 152 179 250 13 130 286 193 106 212 263 179 89 260 193 142 179 20 177 81 279 106 118 101 199 193 142 87 22 259 250 117 226 120 125 244 57 174 295 156 10 110 239 136 211 257 250 294 245 205 53 90 64 246 139 110 156 15 22 250 106 224 226 212 247 279 99 193 90 205 91 130 120 250 10 210 94 174 177 106 295 110 205 235 297 6 81 193 142 91 174 239 224 152 250 64 193 279 157 212 226 199 57 235 6 81 230 286 117 76 125 110 179 118 210 159 294 142 101 156 177 271 295 199 297 81 235 260 247 90 151 230 106 211 259 212 39 87 279 215 81 210 58 176 177 212 188 263 156 22 279 226 235 198 117 13 15 286 193 17 174 101 174 210 193 157 139 20 125 212 92 140 97 91 152 105 20 200 64 285 211 101 38 279 22 105 244 198 94 76 286 142 179 210 101 22 198 81 57 53 210 257 212 110 117 90 20 58 244 176 156 10 112 157 174 101 167 268 22 57 106 45 117 64 247 176 101 106 224 286 136 157 90 110 210 135 
edges1
177 101 101 106 106 106 64 64 64 64 193 193 193 193 193 139 139 139 139 139 139 210 210 210 210 210 210 210 117 117 117 117 117 117 117 117 279 279 279 279 279 279 279 279 279 294 294 294 294 294 294 294 294 294 286 286 286 286 286 286 286 286 286 286 286 174 174 174 174 174 174 81 81 81 81 81 81 81 81 81 81 81 81 81 211 211 211 211 211 211 211 259 259 259 259 259 259 259 259 259 142 142 142 142 142 142 142 142 142 142 142 142 142 10 10 10 10 10 10 118 118 118 118 118 118 118 118 125 125 125 125 125 125 125 125 125 125 125 125 125 125 125 263 263 263 263 263 263 263 263 263 53 53 53 53 53 53 53 53 53 53 89 89 89 89 89 89 89 89 89 89 105 105 105 105 105 105 105 105 105 105 250 250 250 250 250 250 250 250 250 250 250 90 90 90 90 90 90 90 90 90 90 90 90 90 90 90 90 198 198 198 198 198 198 198 198 198 198 226 226 226 226 226 226 226 226 226 226 226 226 226 226 245 245 245 245 245 245 245 245 156 156 156 156 156 156 156 156 156 295 295 295 295 295 295 295 295 295 295 87 87 87 87 87 87 87 239 239 239 239 239 239 239 239 179 179 179 179 179 179 179 179 179 179 179 179 58 58 58 58 58 58 58 58 58 58 58 58 58 151 151 151 151 151 151 151 151 151 151 151 6 6 6 6 6 6 6 6 6 6 159 159 159 159 159 159 159 159 159 159 159 152 152 152 152 152 152 152 152 152 20 20 20 20 20 20 20 20 20 20 20 20 20 20 20 20 110 110 110 110 110 110 110 110 110 110 215 215 215 215 215 215 215 215 215 18 18 18 18 18 230 230 230 230 230 230 230 230 230 230 230 230 230 230 230 291 291 291 291 291 291 291 291 76 76 76 76 76 76 76 76 76 76 76 76 120 120 120 120 120 120 120 120 120 120 120 120 120 120 130 130 130 130 130 130 130 176 176 176 176 176 176 176 157 157 157 157 157 157 157 157 157 157 157 157 157 157 247 247 247 247 247 247 247 247 247 247 247 247 247 257 257 257 257 257 257 257 257 257 257 224 224 224 224 224 224 224 224 224 224 244 244 244 244 244 244 244 244 244 244 49 49 49 49 49 49 49 49 49 49 49 271 271 271 271 271 271 271 271 200 200 200 200 200 200 200 200 200 200 200 200 113 113 113 113 113 113 113 113 113 246 246 246 246 246 246 246 246 246 246 246 246 246 246 97 97 97 97 97 97 97 97 97 97 97 97 112 112 112 112 112 112 112 112 112 112 94 94 94 94 94 94 94 94 94 94 94 57 57 57 57 57 57 57 57 57 57 57 57 57 57 57 57 57 205 205 205 205 205 205 205 205 205 205 205 205 205 205 205 205 205 80 80 80 80 80 140 140 140 140 140 140 140 140 140 140 140 140 140 13 13 13 13 13 13 13 13 13 13 22 22 22 22 22 22 22 22 22 22 22 22 22 22 22 172 172 172 172 172 172 172 172 172 172 143 143 143 143 143 143 143 143 260 260 260 260 260 260 260 260 260 199 199 199 199 199 199 199 199 199 199 199 199 15 15 15 15 15 15 15 15 39 39 39 39 235 235 235 235 235 235 235 235 235 235 235 235 235 235 235 235 235 235 92 92 92 92 92 92 92 92 92 92 50 50 50 50 50 50 50 50 50 50 292 292 292 292 292 292 292 45 45 45 45 45 45 45 45 45 45 45 45 99 99 99 99 99 99 99 99 136 136 136 136 136 136 136 136 136 136 136 136 136 268 268 268 268 268 268 268 268 91 91 91 91 91 91 91 91 91 91 91 91 91 91 91 91 91 188 188 188 188 188 188 188 102 102 102 102 102 297 297 297 297 297 297 297 297 297 135 135 135 135 135 135 135 135 167 167 167 167 167 167 167 167 167 167 167 167 167 285 285 285 285 285 285 285 285 285 285 285 285 285 285 285 285 72 72 72 72 72 72 72 72 72 72 72 72 72 72 59 59 59 59 59 59 59 38 38 38 38 38 38 38 38 17 17 17 17 17 17 17 17 17 17 17 173 173 173 173 173 173 173 173 173 173 132 132 132 132 132 132 132 108 108 108 108 108 108 108 108 108 108 108 108 108 298 298 298 298 298 298 298 298 298 298 298 298 298 219 219 219 219 219 219 219 219 219 219 219 219 251 251 251 251 251 251 251 251 251 251 251 251 251 251 251 62 62 62 62 62 62 62 62 62 62 62 62 62 62 
weights
0.000717373 -0.0117656 2.03887e-07 0.00351192 6.33955e-06 0.00607403 0.0537882 -0.0328546 -1.83459e-13 -0.00323253 -9.64507e-06 -0.0140536 -2.97087e-07 -0.000636958 0.0168764 0.0194626 0.0391415 -1.24215e-09 0.000817504 0.0307909 -0.0205785 2.8965e-08 -0.000330755 -0.0950682 -3.2094e-09 0.0103218 -0.00347916 8.82609e-07 0.000145301 0.00102502 0.0269115 -2.87479e-05 1.7555e-05 -0.00439743 0.0243271 -0.00632894 0.000645359 0.00205254 0.133685 0.0156471 -1.92067e-06 -6.96872e-06 0.0313736 -5.52729e-05 1.59884e-07 0.00033055 -0.00630757 -2.42121e-07 -3.52278e-08 -1.4799e-10 -4.35582e-05 0.0298148 -0.0133927 1.88607e-07 0.0559321 -0.0232459 -0.000147201 0.0142682 -2.00724e-13 2.04172e-06 1.47169e-12 -0.00226976 1.02054e-08 -5.71739e-08 -0.0574084 0.00851743 7.65419e-06 -0.0382385 -0.00355459 -0.000198465 -0.00129435 -2.35535e-06 0.0245121 -1.13917e-09 7.82381e-06 -0.000296265 -0.0069517 -9.79824e-05 0.0171543 -0.000322146 0.00204388 3.81671e-06 0.000395142 -1.02087e-05 0.0560695 7.78937e-07 0.0002011 -3.0661e-12 -1.2072e-08 -6.834e-05 -3.04617e-07 -0.00394954 2.06555e-09 -3.69356e-06 -0.155161 -0.00301032 3.73322e-06 1.03797e-06 2.88789e-06 -0.000209373 4.08596e-10 0.000927548 -0.00154355 0.00210048 -2.22455e-08 -5.01886e-12 -3.95593e-05 -0.0001074 -0.118766 -8.03936e-05 -0.0383778 1.25329e-05 2.36204e-06 0.000223636 0.00904867 -0.0551631 -6.00881e-18 -0.00284263 0.0310368 1.24769e-08 -0.00717946 0.000895554 -7.4912e-09 -0.000350887 -2.65366e-06 -4.29699e-05 -1.16312e-05 -0.0141932 -3.39713e-06 -0.0015898 3.85279e-05 -8.59661e-08 3.67006e-05 0.00713234 -3.63831e-13 -0.0376424 -0.00182515 -9.84258e-07 -2.95686e-07 -0.00012217 2.19139e-07 -0.00170259 0.0874689 -7.62007e-05 -0.00380804 -0.000184023 0.0402861 -0.000199806 0.00627411 -0.00915015 1.18721e-05 0.00246248 -0.0481288 -0.000796608 0.0255996 0.0015533 -4.30094e-12 -8.77849e-10 0.00448979 -0.0695927 -7.30589e-05 -0.0088646 0.00127115 -7.10929e-07 5.6156e-06 -6.36939e-07 -3.83168e-05 -0.0030971 5.24794e-08 -0.000123214 6.98631e-05 0.00244589 0.0400623 5.74173e-06 -0.00487594 -1.44379e-08 -0.0126269 0.000880465 -0.00104952 -1.3363e-08 0.000782753 3.70327e-05 -0.024188 0.0242418 -0.0069331 -1.48138e-05 -0.000438457 3.69489e-06 -0.05275 -1.65622e-05 0.0596079 1.47526e-05 7.42804e-36 -0.00672035 -0.0374262 0.000451273 7.04168e-08 -0.00016498 6.10023e-08 -1.34037e-16 2.40401e-06 1.60554e-13 -0.00106442 -0.000761232 -0.00823674 -0.00244175 0.00301821 -5.68365e-07 0.0189761 0.00242142 3.77278e-13 -0.059935 5.63808e-11 -4.50561e-09 1.21645e-09 2.02662e-09 1.68001e-05 0.0170796 7.14498e-06 -1.54626e-07 -6.36259e-05 0.00378738 5.62689e-06 -0.000119121 -3.49493e-08 -2.80485e-06 -0.000582486 -0.0421214 3.80296e-08 -0.0119767 -1.77653e-05 0.000167795 1.13024e-06 -2.39616e-06 -0.141885 0.0395625 2.54682e-22 0.000137444 -0.139304 0.00651047 0.000208454 -0.000753984 -0.0111002 -0.0070753 1.2238e-09 0.000243302 -3.71963e-12 -0.00365695 -0.000688009 1.10644e-08 2.10749e-05 1.86609e-06 0.0172959 9.24299e-05 -0.0413509 0.0382217 -7.26204e-07 -6.46902e-05 -0.0490936 0.00980864 -1.1342e-06 -3.91081e-07 0.0256066 -5.06879e-06 -2.05609e-05 -3.37201e-15 1.23455e-06 0.0683002 3.45799e-06 1.20356e-13 -0.00933671 0.00682686 -1.34609e-09 0.000137151 1.17955e-07 -1.79534e-07 0.000121453 -6.95892e-06 -1.69543e-06 0.000389475 -2.32861e-06 0.0589785 -9.92481e-10 0.00329533 0.0333742 8.92158e-10 -0.0549968 2.82124e-05 7.2338e-14 5.41063e-08 -0.0178358 -1.22791e-07 8.8766e-05 0.0179774 0.00359499 0.0285645 -0.00340367 0.020203 9.35197e-05 -0.00107589 2.35805e-20 -4.14332e-05 -1.89063e-05 -0.0417976 0.0107198 0.000501874 -0.0819954 0.0519528 -6.10983e-25 3.60368e-05 -5.37593e-05 -0.000222835 -4.99526e-05 -9.17637e-05 3.13265e-07 1.94562e-08 -0.00393892 -0.00490103 -0.000219911 0.111608 0.000166358 0.0136715 -0.0762958 4.10796e-08 0.0959125 -0.176953 3.9068e-08 -1.18062e-11 2.9649e-05 -0.00142525 8.13053e-06 -1.12956e-12 -1.55906e-12 -8.73835e-06 1.25194e-10 3.97514e-09 0.0019662 -0.0145745 1.54695e-14 0.000121393 -0.00141726 0.00606473 0.03005 -0.000116333 -0.0203052 -0.0945163 0.00625591 0.000503224 -1.83139e-09 -0.015381 -1.54984e-07 -0.0580123 0.000491764 -0.00510127 0.000132382 0.00107035 -0.0160481 0.00281765 7.01205e-07 0.0143107 0.000112491 9.16169e-07 -9.54937e-06 0.00023511 -0.000283778 0.03335 -1.59369e-11 -1.20345e-05 -0.297232 -0.000112136 -4.03335e-06 -2.3343e-06 0.0456342 -0.00397105 8.31092e-06 0.000141581 -0.0160162 1.17946e-06 -0.0458179 2.02405e-15 -0.0279325 0.000694349 -0.00173537 0.0617979 -0.00349407 -0.000124486 -0.00208005 0.0805215 3.91181e-05 -0.0916467 -0.00948675 -0.0118679 0.00163164 0.00032483 0.00358608 -1.67448e-06 0.0186789 -0.000935736 -0.0239979 0.182857 0.00464023 2.57945e-05 2.67389e-20 3.35703e-08 1.00924e-05 0.000178182 -0.129039 -3.53674e-06 -1.82264e-14 0.00511482 0.112199 -2.80572e-06 0.00317716 -0.0012036 -5.76696e-05 -0.136592 -2.17373e-06 2.43203e-06 -0.00142554 0.0236967 1.64177e-06 0.000288199 3.06993e-14 5.911e-09 -0.065279 -8.38608e-14 1.05817e-08 -7.39727e-08 3.8673e-06 -0.00241666 0.000172323 -6.41182e-05 -0.00169215 -0.00149774 -1.82765e-06 3.17894e-16 -0.00068498 -6.34246e-09 7.67312e-13 -5.10662e-05 0.00732488 -7.10062e-19 -9.22957e-07 -1.53881e-07 -0.00460195 0.000189534 -0.00277517 8.82126e-15 -2.23076e-06 0.00289802 -0.110781 1.18898e-17 -0.000578394 0.0838397 -0.00191777 -0.00019379 0.00270883 -2.06816e-09 -0.000523451 -0.122732 0.00635138 -0.0136272 0.000199677 9.04021e-05 -0.000828671 -0.00254287 0.0184535 3.57043e-06 -1.08425e-05 -3.66793e-10 -1.02153e-11 3.69461e-05 -8.45814e-05 -0.000239916 -0.0167993 0.179047 -0.000176967 4.3836e-07 -5.14481e-09 -9.05303e-09 6.27582e-06 1.32883e-05 6.47177e-05 0.0475726 0.00169243 -0.000389305 -0.0444921 -0.000454223 1.33168e-18 2.89468e-05 -0.0253948 -0.0132181 -5.71482e-10 -5.26169e-08 0.000168552 -0.00087902 -0.0257961 2.38448e-17 0.0004715 6.20061e-07 -2.06405e-07 5.49878e-06 -0.00113679 -9.10837e-07 0.0051978 -0.000331681 0.10178 -1.61678e-07 1.22877e-08 -5.28683e-10 -3.60034e-05 -7.62044e-05 1.8779e-07 -2.56708e-06 -9.42531e-05 -4.67861e-05 0.127647 0.000397605 -8.97835e-05 -0.000340716 0.0144458 0.0204257 0.0148981 -9.32262e-11 -0.00389927 0.000463719 -0.0010343 1.12664e-06 0.000546364 -1.24915e-09 -1.77844e-05 -3.14686e-05 -0.00879599 0.00782111 0.000924669 -0.181742 -0.0317726 -0.00144709 0.00143621 3.16906e-10 -1.49545e-10 -1.24551e-05 0.0397734 0.000286595 -6.36015e-08 0.0330315 -4.46443e-09 1.91022e-07 -0.00184709 0.00272944 -0.127733 0.000200568 0.000459883 1.74907e-09 5.92016e-08 5.19325e-06 0.00155971 -0.0144054 6.03261e-08 0.000456465 -0.046842 8.53092e-10 1.09972e-05 2.27805e-05 0.0068341 -1.82002e-07 -5.84801e-12 -4.68491e-05 7.69783e-09 9.75569e-17 -3.30866e-05 0.0390646 -1.85735e-06 -0.00881979 -9.189e-06 5.85181e-05 -0.00154507 0.0107818 0.00643014 5.03378e-05 0.000524932 -2.11224e-07 5.57294e-09 0.00304325 0.0737333 0.0322923 -0.0319855 2.42017e-11 3.17122e-08 1.06938e-06 -0.00139911 3.80136e-06 -0.0574548 -0.0140019 3.0839e-08 -0.0206897 1.88743e-05 -0.00050299 -4.99127e-05 -0.000142734 -0.00051663 -0.000667506 -0.000310934 5.87956e-09 0.000213388 -5.23491e-06 -0.00543046 6.22457e-10 -0.00158919 -0.0343195 -6.59621e-06 0.138575 0.00719577 -0.00150832 8.56703e-14 -0.000334089 0.000572449 -0.0158694 -1.42722e-08 -0.0643238 1.45233e-05 -0.000902798 0.000460398 -0.0179133 0.120572 6.44988e-06 1.70712e-06 8.45923e-10 -0.000948844 -1.64311e-05 0.00037105 -0.0044857 -9.64707e-05 -3.41688e-11 1.03606e-10 0.0731702 0.000206033 -0.0426515 0.00219782 7.07415e-08 -6.12831e-10 -0.000216261 -2.98573e-09 7.68734e-06 -0.00433671 -0.00200954 -0.0250171 0.000159893 0.00413131 0.0106334 0.00513205 3.17293e-05 -1.79736e-09 2.55048e-05 -2.20668e-11 -5.17873e-08 -5.03746e-06 -6.8437e-08 -0.000206666 0.0665789 -0.00398552 4.38682e-05 0.00145127 -4.66752e-05 -6.40711e-05 -0.00371119 -3.49245e-11 -0.00302528 -0.000151008 -1.19007e-11 -4.74845e-07 -9.01411e-09 2.47593e-10 -0.000265836 -1.60226e-05 -1.09239e-10 -0.000202781 2.00522e-06 -2.47944e-07 1.31805e-08 -2.61713e-14 -0.00619783 -2.1509e-14 -0.00165655 -0.0181421 0.0274535 -1.44052e-13 0.0396934 2.51249e-15 -6.19892e-07 -6.63958e-09 -0.00816817 -0.00336697 -0.0128905 -0.00255321 0.0387361 0.0160263 0.000445008 0.000441013 -1.40139e-09 0.0115541 2.34046e-06 -0.0155016 -1.51122e-08 -2.88683e-06 2.42827e-06 -0.00135041 0.000531125 -0.000316292 -1.39275e-07 -3.01159e-07 0.0100574 2.21788e-05 0.170945 -1.60607e-11 0.018128 0.136414 -0.0488278 -1.43344e-05 -0.00683161 -1.92943e-36 -0.00574412 0.00441673 -5.38939e-05 0.00251263 -0.00102807 -3.37935e-06 -0.050294 6.57867e-06 -0.00705543 0.000532732 -4.12522e-12 -0.0445909 -2.02721e-06 -1.76538e-06 0.0022558 1.18181e-07 -0.00610774 2.13822e-07 2.02945e-08 -1.28736e-07 -6.99521e-09 -0.150446 -0.000123339 0.00221441 0.0166875 -0.00129102 0.123784 -2.01929e-11 -0.00291583 -7.07907e-07 0.00115482 -0.00145563 0.0509116 1.70925e-06 0.0191896 -0.00705562 -0.00137715 1.57749e-10 -0.00430598 0.0383363 -0.000789356 2.15456e-06 -0.000682319 0.00195981 -0.000168535 6.22655e-14 0.000270546 1.63355e-09 -0.000751098 -4.20193e-10 -1.60844e-08 6.90786e-09 9.94562e-05 -0.00250421 -0.00136578 0.057725 -8.43881e-08 9.98253e-06 -0.0372652 2.33277e-16 2.37035e-05 3.64029e-14 5.49434e-19 -0.00033357 -1.58243e-10 0.00412049 -0.0458122 5.29591e-05 -0.00140938 -1.25998e-05 -0.0124505 1.03149e-05 -3.09419e-09 -9.13348e-06 1.00971e-08 0.00135818 -4.19577e-05 0.133152 1.5081e-08 -2.3632e-06 5.27423e-06 3.78451e-08 -0.000777206 -0.0336297 1.8004e-06 -0.0113978 -2.11771e-20 -0.000466168 -0.00545231 0.0148687 0.00284805 1.83791e-08 -3.87831e-06 -0.01602 2.72111e-19 -9.87589e-08 -5.31108e-08 -8.83043e-13 7.44814e-05 -0.00957195 1.48151e-07 -5.89792e-05 -0.00336429 -0.00208405 -0.00113239 -0.127351 -0.000581553 -8.45852e-05 8.53896e-05 0.027139 -0.0917191 -2.15273e-16 0.0035709 -1.02362e-06 0.0170291 0.0844116 -3.5263e-06 -0.00297335 3.05488e-11 6.36184e-07 -0.00668613 2.62694e-15 -0.00170338 -0.000881724 -0.00367547 3.01875e-17 0.000741353 2.99214e-07 2.31695e-05 -4.81185e-06 -3.3175e-05 0.000534753 -0.00113755 -0.000440289 -7.88355e-09 -0.0304644 0.000399412 2.29461e-07 -3.43623e-17 1.03725e-05 -0.00392451 -0.000335168 0.00235332 -0.00226792 2.41931e-06 -1.48443e-07 0.00993683 0.0390227 5.52393e-08 -1.30046e-06 2.00783e-06 -0.000124273 0.175963 -0.0527188 -7.83233e-06 0.0288959 0.0432405 -0.00018985 -0.00545727 -4.11805e-08 -2.24754e-06 -0.000121513 -0.00422278 0.0260706 0.00613698 -0.0223655 -3.62123e-05 -3.07428e-07 -0.0862139 0.000616618 0.00209359 5.38933e-05 -3.63299e-11 0.0061779 0.0125539 0.0115125 -2.64224e-08 -6.08368e-13 -2.97246e-05 1.82773e-10 -2.85047e-07 0.0148489 -2.00297e-07 6.96713e-12 0.00428368 6.65354e-08 -1.26667e-06 9.33427e-07 8.27376e-18 -2.11427e-08 0.00204774 0.00325124 0.000324784 -0.00981688 -0.00223911 0.013392 -0.000555351 -0.0122783 -1.2221e-10 -5.28401e-08 0.000958763 -3.24958e-10 0.000277225 -9.74551e-06 -0.117585 -8.99289e-14 3.58701e-17 6.4044e-06 0.017821 -2.4108e-10 -2.43067e-08 0.00124158 0.117059 0.0117683 -2.01659e-08 -0.00888209 -1.74626e-05 -3.12541e-12 -0.0021738 -0.00403879 -5.21599e-18 0.00308965 0.000141012 -8.82988e-05 0.000948684 -0.00172809 6.28936e-06 4.74486e-05 0.026981 -0.000646329 -1.07163e-06 -0.0197289 -0.0131893 1.36513e-06 1.40149e-09 -0.129532 1.46405e-05 4.26723e-08 8.82091e-07 1.36003e-06 0.00230605 6.24064e-08 0.00144979 0.000811868 -0.00132783 -1.23058e-05 2.39876e-10 0.000221114 0.0226331 -0.00592718 0.00308308 -0.00185009 -0.138526 -0.00389798 -0.117131 -1.39561e-05 -2.09175e-06 -6.16637e-05 1.00657e-13 -0.0645234 -1.87582e-07 8.439e-09 -0.0190712 0.00782253 0.000643382 0.0354979 -0.00199027 0.00597299 1.69216e-07 0.000105065 3.14601e-11 -1.03256e-06 -6.25294e-09 3.72376e-05 -0.000468911 -0.00465769 -0.0427088 4.07353e-11 0.0031497 
