--parameters--
rdynamics 1
capacity 1
replenish 2375
inflow 400
outflow 100
hsymmetry 1
ecosel 1.4
dispersal 0.01
birth 1
survival 0.8
sexsel 10
matingcost 0.01
ecoscale 5
demesizes 100 0 
nvertices 10 10 10 
nedges 10 10 10 
nchrom 3
mutation 0.0001
recombination 3
allfreq 0.2
scaleA 0 0 0 
scaleD 0 0 0 
scaleI 1 1 1 
scaleE 0 0 0 
skews 1 1 1 
effectshape 1
effectscale 1
interactionshape 0.119
interactionscale 1
dominancevar 1
tburnin 1000
tend 5000
tsave 100
tcomplete 1000000
talkative 1
datsave 1
burninsave 1
choosewhattosave 1
gensave 0
archsave 1
archload 0
parsave 1
logsave 0
seed 1623102566138155813
ntrials 1000

--architecture--
chromosomes 0.333333 0.666667 1 
traits 0 0 0 0 2 0 2 2 0 1 0 2 0 1 1 0 2 2 1 0 2 1 1 1 1 2 2 2 1 1 
locations 0.0471914 0.0932861 0.0977312 0.111349 0.134329 0.136275 0.213214 0.225431 0.228871 0.2416 0.249824 0.295685 0.320691 0.355475 0.388106 0.40827 0.41029 0.421617 0.450997 0.487398 0.521576 0.642928 0.729065 0.733063 0.799322 0.800286 0.81331 0.859799 0.942809 0.982991 
effects -0.0270072 -0.016142 0.229754 0.216134 0.385394 -0.414251 -0.19892 -0.262162 -0.451369 0.0351053 -0.631525 -0.098038 -0.247771 0.0407964 -0.348662 0.224561 0.279051 0.0698608 -0.428664 0.116318 -0.258425 -0.312423 0.0106432 0.281275 0.337315 0.181675 0.731211 -0.127879 0.508334 0.377841 
dominances 0.0541487 0.175613 0.189029 0.466646 0.0599413 0.229319 0.292094 0.287548 0.0431608 0.108622 0.380323 0.592885 0.472329 0.101397 0.188277 0.20122 0.182495 0.216504 0.50556 0.500058 0.598523 0.494736 0.486295 0.20705 0.371201 0.0427055 0.178566 0.0690871 0.0913374 0.128964 
from 0 0 0 0 0 1 0 0 0 1 12 
to 0 3 10 1 12 19 5 2 15 15 8 
weights 0 6.946e-12 1.48355e-05 0.0897256 -1.15476e-06 -0.546394 -1.80855e-07 -0.0280542 -0.00519094 9.52708e-12 0.832219 
from 1 24 22 28 22 28 13 9 22 23 28 
to 1 22 28 21 13 9 14 23 18 18 29 
weights 1 0.402489 -0.00848523 -0.429499 -0.803471 0.00049905 0.000258278 2.07009e-10 -0.00455925 -0.0887364 0.000113113 
from 2 4 11 4 11 25 4 7 11 4 26 
to 2 11 25 7 26 26 27 16 17 6 20 
weights 2 -2.17708e-07 -0.967434 -1.73138e-05 -0.0172632 -0.252516 -0.00289051 -1.78468e-06 8.93592e-05 4.4769e-09 2.05056e-15 
