Parameters used to generate the architecture:
rdynamics 1
capacity 1
replenish 2375
inflow 400
outflow 100
hsymmetry 0
ecosel 1.8
dispersal 0.01
birth 1
survival 0.8
sexsel 10
matingcost 0.01
ecoscale 1
demesizes 100 0 
nvertices 30 30 30 
nedges 30 30 30 
nchrom 3
mutation 0.001
recombination 3
allfreq 0.2
scaleA 0.5 0.5 0.5 
scaleD 0 0 0 
scaleI 0.5 0.5 0.5 
scaleE 0 0 0 
skews 1 1 1 
effectshape 2
effectscale 1
interactionshape 5
interactionscale 1
dominancevar 1
tburnin 0
tend 1000
tsave 100
tfreeze 2
talkative 1
datsave 1
choosewhattosave 0
gensave 0
archsave 1
archload 0
parsave 1
logsave 0
archfile architecture.txt
parfile parameters.txt
orderfile whattosave.txt
logfile log.txt
freezerfile freezer.dat
locifile locivalues.dat
seed 1619013936360208861
ntrials 100

Architecture:
chromosomes
0.333333 0.666667 1 
traits
0 1 0 2 1 2 1 1 0 0 0 1 1 1 0 2 1 1 1 1 0 2 0 2 2 1 0 2 0 1 0 2 2 0 0 1 2 1 1 2 2 1 1 0 1 0 1 1 2 1 0 1 2 1 2 2 0 2 0 2 0 0 0 0 0 2 0 2 0 0 2 2 2 2 1 2 2 1 1 2 1 1 1 2 0 2 0 0 2 0 
locations
0.0170029 0.0374041 0.0416728 0.045089 0.0546788 0.06964 0.0815366 0.0919742 0.137931 0.154684 0.18601 0.186202 0.188998 0.189458 0.193395 0.240707 0.246763 0.284437 0.324179 0.324212 0.33453 0.3442 0.365686 0.368056 0.371579 0.378606 0.38773 0.394995 0.430354 0.43287 0.434112 0.441021 0.450687 0.45625 0.478365 0.481225 0.483122 0.491608 0.497726 0.512531 0.514404 0.516035 0.517786 0.52126 0.529844 0.53685 0.541394 0.546092 0.553151 0.575357 0.580488 0.583844 0.587707 0.588942 0.595903 0.597857 0.598451 0.6014 0.631671 0.636538 0.6591 0.673651 0.68814 0.699368 0.71997 0.728617 0.734861 0.739556 0.755622 0.758655 0.759599 0.794259 0.801822 0.809708 0.811045 0.814758 0.832614 0.846769 0.856262 0.86478 0.877494 0.888577 0.890817 0.898524 0.944665 0.946549 0.953531 0.953608 0.972 0.972688 
effects
0.283659 0.0829942 -0.154859 -0.136603 -0.160493 0.12599 -0.118255 0.0680982 -0.204743 -0.143865 0.0878438 -0.0906403 -0.225681 0.0210154 -0.106533 0.186748 0.178702 -0.236085 0.071142 -0.310791 0.0599526 0.139664 0.239076 0.36832 -0.300992 0.104628 -0.455732 0.176216 -0.0456009 0.288506 -0.209664 -0.00921286 0.147951 0.312212 -0.115292 0.250626 0.139427 0.256336 -0.193479 0.233548 -0.222616 0.0460181 0.0338083 -0.181473 -0.283466 -0.0558221 -0.188276 0.0105161 -0.153858 0.2252 0.107086 0.0588511 -0.026996 0.0580236 0.0708387 0.0789568 -0.0355151 -0.0296758 0.146076 0.39128 -0.16825 0.0613524 -0.163853 0.0407176 -0.354138 0.0519692 -0.088015 0.096692 0.0886798 -0.0554029 0.12146 0.140104 0.059712 0.119604 0.480159 0.139483 0.313386 -0.0296971 0.0659518 0.325459 -0.058428 0.0143048 0.153497 -0.0890893 0.0242707 -0.0513484 0.0523124 -0.238598 -0.141986 -0.231477 
dominances
0.0431613 0.221815 0.047865 0.237949 0.218273 0.105454 0.0199431 0.157695 0.00656575 0.0012178 0.128565 0.0942558 0.171511 0.0737503 0.0519357 0.0625465 0.0491969 0.23741 0.355063 0.30512 0.422082 0.202375 0.227691 0.0511265 0.0884345 0.262467 0.244682 0.146341 0.201361 0.0948268 0.0785604 0.288315 0.312255 0.257075 0.15584 0.00412337 0.372323 0.0970572 0.146411 0.137214 0.267363 0.172719 0.0537616 0.1543 0.0235061 0.166674 0.109813 0.298364 0.212479 0.339268 0.210425 0.11882 0.126753 0.0154388 0.0405266 0.0641836 0.00365673 0.000880642 0.195264 0.221765 0.160324 0.35349 0.0538695 0.0826625 0.0669184 0.0462228 0.066947 0.149237 0.085889 0.399412 0.0906353 0.0076583 0.327927 0.0389658 0.121577 0.00399499 0.0360844 0.061055 0.218242 0.250093 0.071868 0.323276 0.0884293 0.161033 0.0181658 0.305681 0.202915 0.1945 0.0696342 0.00377251 

network 0 30
edges0
86 86 68 68 86 61 61 61 68 45 87 33 10 45 9 0 26 20 45 20 86 0 61 87 87 68 10 61 20 61 
edges1
50 68 61 10 87 87 45 0 9 33 60 26 20 84 2 43 89 8 14 22 69 58 28 30 66 64 62 34 63 56 
weights
-0.085076 0.304631 0.184405 -0.239081 -0.0900965 -0.261928 0.113829 -0.0877005 0.259771 0.133079 -0.197314 -0.1185 0.15248 -0.0806361 0.238655 -0.101113 0.153269 -0.0622858 0.0947244 0.216466 -0.119888 -0.111285 -0.353345 -0.208651 0.0940747 -0.201156 -0.278704 -0.187475 0.0611657 0.179168 

network 1 30
edges0
12 25 25 25 25 25 25 25 38 12 25 37 44 44 25 42 12 25 46 7 74 12 42 78 25 25 44 16 37 25 
edges1
25 38 6 80 37 47 82 44 7 74 42 13 18 77 17 4 46 46 1 78 16 11 81 19 53 29 49 41 35 51 
weights
-0.253239 0.197716 -0.0892391 -0.211615 -0.145363 -0.15561 -0.109881 -0.0960949 -0.102703 -0.159234 -0.420338 0.140003 0.0963624 -0.0774614 0.069755 -0.232849 0.17407 0.243623 -0.0959642 -0.116384 -0.142487 0.179369 -0.123278 0.274869 0.348609 0.164659 -0.117958 0.0792112 0.158786 -0.145417 

network 2 30
edges0
88 75 48 48 70 48 48 75 48 48 79 70 21 70 67 70 52 15 79 48 48 59 70 48 59 32 83 75 70 75 
edges1
75 48 21 70 79 55 52 15 32 67 40 40 59 76 39 31 72 27 54 83 5 36 71 73 3 23 85 24 65 57 
weights
-0.151237 -0.161682 0.195395 -0.18082 -0.285293 -0.153772 -0.171011 0.0748712 0.0365671 0.259981 0.1754 0.104612 0.235825 0.115291 -0.214353 0.283774 0.170456 -0.0697302 0.0586403 -0.0891873 0.224786 -0.195484 0.131084 0.152592 0.123379 -0.318576 -0.206679 0.228661 0.174682 0.132123 
