--parameters--
rdynamics 1
capacity 1
replenish 2375
inflow 400
outflow 100
hsymmetry 1
ecosel 1.4
dispersal 0.01
birth 1
survival 0.8
sexsel 10
matingcost 0.01
ecoscale 5
demesizes 100 0 
nvertices 10 10 10 
nedges 10 10 10 
nchrom 3
mutation 0.0001
recombination 3
allfreq 0.2
scaleA 0 0 0 
scaleD 0 0 0 
scaleI 1 1 1 
scaleE 0 0 0 
skews 1 1 1 
effectshape 1
effectscale 1
interactionshape 0.119
interactionscale 1
dominancevar 1
tburnin 1000
tend 3
tsave 2
tcomplete 1000000
talkative 1
datsave 1
burninsave 0
choosewhattosave 1
gensave 1
archsave 1
archload 0
parsave 1
logsave 0
seed 1623159408543449593
ntrials 1000

--architecture--
chromosomes 0.333333 0.666667 1 
traits 0 2 2 1 1 2 2 1 1 0 0 1 0 2 2 1 1 1 0 2 0 0 2 2 0 1 2 1 0 0 
locations 0.0368142 0.0415048 0.0619386 0.105062 0.106451 0.139795 0.242373 0.256846 0.274077 0.362725 0.366177 0.441415 0.454704 0.471017 0.479722 0.561093 0.566526 0.615258 0.616206 0.631946 0.649954 0.671764 0.690851 0.753985 0.762799 0.855194 0.902057 0.952059 0.96242 0.968664 
effects 0.148869 0.453026 0.276692 -0.204203 0.167071 0.213089 0.0657335 0.0195072 -0.147413 0.0350189 0.437892 -0.476829 -0.0636508 -0.26525 0.413381 0.268714 -0.071005 -0.086829 0.0163638 0.23493 0.634429 -0.593304 0.420512 -0.0420734 -0.0984753 -0.738905 0.439826 -0.223924 -0.127303 -0.0113962 
dominances 0.242021 0.0517395 0.231906 0.59059 0.0960865 0.25574 0.343062 0.0668295 0.0119785 0.333683 0.0377793 0.29329 0.520956 0.419456 0.435907 0.138595 0.385715 0.565412 0.196617 0.213322 0.0119738 0.0352092 0.288274 0.333305 0.32747 0.244235 0.393434 0.0633685 0.272052 0.579628 
from 0 18 0 0 18 18 0 0 0 18 0 
to 0 0 9 12 28 10 10 29 24 20 21 
weights 0 -0.144183 0.0635111 0.222845 -0.00296915 0.000734122 -0.927334 1.15215e-08 -0.0237874 0.177897 -0.182609 
from 1 17 17 17 17 17 16 17 16 16 25 
to 1 16 8 4 27 3 25 25 7 15 11 
weights 1 -0.860135 6.24981e-09 -0.00186638 -0.095831 -0.356995 -2.21234e-16 -4.57863e-09 -1.47874e-10 -0.12384 -0.328937 
from 2 22 6 22 22 22 22 19 22 19 14 
to 2 6 19 19 26 1 5 2 14 13 23 
weights 2 -4.94454e-05 0.894791 0.0937218 0.000109447 0.161787 -0.00257629 0.309642 -0.0237361 -0.260518 -0.00854305 
