Parameters used to generate the architecture:
rdynamics 1
capacity 1
replenish 2375
inflow 400
outflow 100
hsymmetry 0
ecosel 1.8
dispersal 0.01
birth 1
survival 0.8
sexsel 10
matingcost 0.01
ecoscale 1
demesizes 100 0 
nvertices 30 30 30 
nedges 30 30 30 
nchrom 3
mutation 0.001
recombination 3
allfreq 0.2
scaleA 1 1 1 
scaleD 0 0 0 
scaleI 0 0 0 
scaleE 0 0 0 
skews 1 1 1 
effectshape 2
effectscale 1
interactionshape 5
interactionscale 1
dominancevar 1
tburnin 0
tend 1000
tsave 100
tcomplete 1000000
talkative 1
datsave 1
burninsave 0
choosewhattosave 0
gensave 0
archsave 1
archload 0
parsave 1
logsave 0
archfile architecture.txt
parfile parameters.txt
orderfile whattosave.txt
logfile log.txt
freezerfile freezer.dat
locifile locivalues.dat
seed 1619008910499509941
ntrials 100

Architecture:
chromosomes
0.333333 0.666667 1 
traits
0 0 1 2 0 0 0 2 0 1 1 1 0 1 1 2 2 1 1 1 0 2 2 0 1 1 1 2 1 0 1 0 2 2 2 2 1 2 0 2 0 0 1 0 0 1 1 1 0 2 0 2 0 0 0 0 1 2 2 2 1 1 1 2 2 0 2 0 2 0 1 2 0 2 0 1 1 1 2 1 2 0 1 2 2 2 2 0 0 1 
locations
0.00978813 0.0161694 0.0165526 0.0217716 0.0230443 0.0245817 0.0560629 0.0584182 0.0614372 0.0835042 0.0874453 0.110365 0.122386 0.130528 0.142377 0.152269 0.152855 0.163996 0.165298 0.18758 0.18847 0.191366 0.191736 0.192164 0.192803 0.200191 0.217643 0.217966 0.222225 0.240201 0.253388 0.261997 0.271862 0.296688 0.314763 0.324559 0.326927 0.337435 0.346321 0.353756 0.36134 0.387358 0.39921 0.434937 0.445422 0.456935 0.464774 0.467706 0.496002 0.499664 0.530922 0.555119 0.555714 0.572181 0.581772 0.586853 0.628585 0.636391 0.64171 0.656143 0.65865 0.662943 0.666984 0.681379 0.71494 0.723752 0.725564 0.725765 0.733051 0.757141 0.798384 0.815043 0.821847 0.823518 0.826265 0.833931 0.854345 0.858315 0.872645 0.874264 0.898232 0.911221 0.913481 0.924415 0.93411 0.942176 0.95295 0.966108 0.96897 0.997212 
effects
-0.219913 0.0404908 0.220029 -0.0779636 0.427311 -0.0915086 0.0630635 -0.184812 0.00890877 -0.0431241 -0.110091 -0.0661541 0.153215 -0.176986 0.329712 0.222912 -0.140698 -0.271766 -0.340247 0.151555 0.148933 -0.050942 -0.0120966 -0.117704 -0.157412 -0.204635 -0.153988 0.302643 0.0587062 -0.0945755 -0.0380269 -0.125863 -0.121527 -0.166937 0.0948508 -0.0213992 -0.171395 0.238549 -0.0405831 0.214082 -0.0554984 0.0672662 -0.118211 -0.352948 0.0720734 0.244313 0.103968 -0.0911322 0.0139711 -0.102257 -0.217627 0.162062 -0.310314 0.110644 0.259646 -0.0243849 -0.0404704 -0.0266107 0.166825 -0.0935504 -0.101496 0.0129151 0.123191 -0.0716382 -0.440912 -0.325435 -0.208572 0.138477 -0.139373 0.115255 0.167279 0.0382052 0.210996 0.113538 0.230089 -0.0513754 -0.163825 -0.274569 0.0569793 -0.420791 0.214342 -0.240411 0.123109 -0.136682 0.34842 0.117159 0.295466 0.0596139 -0.101863 0.104111 
dominances
0.0810542 0.00452044 0.220435 0.109447 0.285523 0.0716225 0.204881 0.0764211 0.0296566 0.0287388 0.00127167 0.273534 0.0798903 0.162843 0.327161 0.122124 0.117632 0.0954489 0.215269 0.459636 0.166942 0.261345 0.264569 0.138461 0.0454383 0.145634 0.01502 0.0490297 0.193036 0.200698 0.179015 0.0830341 0.386974 0.381311 0.0589009 0.279105 0.244494 0.0352831 0.335382 0.10215 0.0783648 0.22066 0.155121 0.0512748 0.309258 0.106173 0.0900869 0.0509015 0.107024 0.165873 0.146492 0.228775 0.110728 0.0451467 0.0383831 0.00367245 0.211833 0.000563162 0.0262937 0.0880137 0.113258 0.0267393 0.0961545 0.0105187 0.119408 0.243425 0.0552667 0.27056 0.0779125 0.226005 0.00977477 0.218081 0.152954 0.25739 0.240952 0.340201 0.0988481 0.104863 0.151004 0.0543916 0.0237826 0.319155 0.224031 0.0286968 0.217176 0.300598 0.192936 0.103144 0.267455 0.139481 

network 0 30
edges0
74 74 1 44 74 23 74 1 1 74 1 74 87 1 74 44 67 69 44 31 65 74 54 48 23 44 1 87 48 1 
edges1
1 44 41 23 29 31 87 81 0 20 67 40 54 69 12 12 65 55 72 88 8 6 48 43 5 50 4 53 52 38 
weights
0.105297 0.116941 0.120399 -0.215774 -0.207476 -0.132898 -0.140188 0.110628 -0.217687 0.280605 -0.19173 0.243811 0.419004 0.120346 -0.033349 0.216624 -0.344636 -0.118791 -0.0805219 0.0760609 0.18163 -0.147615 -0.127601 0.173194 -0.210289 0.151686 -0.0588058 -0.0409968 0.149016 -0.142759 

network 1 30
edges0
9 76 9 36 36 42 24 36 24 26 11 76 62 76 11 76 36 11 11 42 77 26 75 26 14 82 62 28 76 30 
edges1
76 36 24 14 42 2 62 89 26 11 19 70 60 13 28 47 30 75 56 77 82 79 17 17 25 18 46 61 10 45 
weights
0.086661 0.105572 -0.115919 0.199721 0.102422 -0.196076 0.247393 -0.181625 -0.291439 0.365809 0.234894 0.209286 0.0963687 0.262642 0.117014 -0.0360186 0.313014 -0.260668 0.0407128 0.0803022 -0.0980325 -0.0991386 -0.123728 0.196353 0.179051 0.224081 0.0673457 0.121465 -0.133714 0.0844483 

network 2 30
edges0
78 68 78 16 78 16 78 32 16 32 35 86 78 16 7 78 16 71 51 78 27 78 16 78 68 80 58 78 16 78 
edges1
68 16 84 85 35 51 32 7 34 71 86 27 66 33 73 37 83 22 63 58 58 39 3 64 80 59 57 21 15 49 
weights
0.198514 -0.0656538 0.158913 0.186673 0.155311 0.084226 -0.0918403 0.279505 -0.0845419 -0.123049 0.147009 0.247306 0.0339612 -0.265985 0.104557 0.196622 0.200802 -0.0800863 -0.138011 0.197038 -0.179637 -0.177385 -0.238535 0.204756 -0.348004 -0.129622 0.312633 0.120971 0.114939 0.145591 
