Parameters used to generate the architecture:
rdynamics 1
capacity 1
replenish 2375
inflow 400
outflow 100
hsymmetry 0
ecosel 1.4
dispersal 0.01
birth 1
survival 0.8
sexsel 10
matingcost 0.01
ecoscale 5
demesizes 100 0 
nvertices 100 100 100 
nedges 1000 1000 1000 
nchrom 3
mutation 0.0001
recombination 3
allfreq 0.2
scaleA 1 1 1 
scaleD 0 0 0 
scaleI 0 0 0 
scaleE 0 0 0 
skews 1 1 1 
effectshape 1
effectscale 1
interactionshape 0.119
interactionscale 1
dominancevar 1
tburnin 10
tend 10
tsave 200
tfreeze 20001
talkative 0
record 0
datsave 0
choosewhattosave 0
gensave 0
archsave 1
archload 0
parsave 1
archfile arch4.txt
parfile paramlog.txt
orderfile whattosave.txt
logfile log.txt
freezerfile freezer.dat
locifile locivalues.dat
seed 1600941573007810237
ntrials 1000

Architecture:
chromosomes
0.333333 0.666667 1 
traits
2 0 0 0 0 2 2 2 1 0 1 0 0 2 1 1 2 1 2 1 2 1 2 0 1 2 1 1 2 1 0 1 2 2 1 2 2 0 0 2 1 0 2 0 0 0 0 0 0 1 1 0 0 0 2 1 0 1 2 1 2 1 1 0 0 1 0 1 2 2 2 0 2 0 1 2 2 1 1 2 1 2 1 2 0 2 0 0 1 2 0 0 0 2 1 2 2 0 1 1 0 1 1 0 0 1 2 1 1 2 1 2 0 1 2 1 0 1 0 1 0 1 2 2 1 1 0 2 1 2 0 0 0 0 1 0 1 1 0 0 2 1 1 0 1 2 0 2 1 1 0 1 1 0 1 2 0 2 1 0 0 0 1 2 2 1 1 2 2 0 1 0 2 1 2 2 2 2 0 0 2 2 0 0 0 1 2 0 0 2 0 1 1 2 2 2 0 2 0 1 0 0 0 2 1 2 0 1 1 0 1 0 2 1 1 0 0 2 2 1 2 0 2 2 2 0 0 0 0 1 2 1 0 0 0 0 1 2 1 1 2 2 0 2 2 1 2 0 2 1 1 1 2 0 2 2 2 2 2 2 0 0 0 2 2 1 2 1 2 0 2 0 1 0 2 1 1 2 0 0 1 1 0 2 1 1 1 0 2 2 1 1 2 1 1 1 0 1 2 1 
locations
0.00175418 0.00617201 0.0179837 0.0238761 0.0283186 0.0296119 0.0299919 0.0329612 0.0351673 0.0356641 0.0382727 0.0412632 0.0465888 0.0498924 0.052851 0.0597496 0.064716 0.0711812 0.081517 0.0819661 0.0837239 0.0871497 0.0926995 0.0930502 0.0990218 0.102867 0.112738 0.113451 0.113833 0.116155 0.119075 0.119969 0.130562 0.134745 0.136156 0.139263 0.143086 0.146513 0.148076 0.149696 0.151492 0.16425 0.165453 0.167772 0.171229 0.176677 0.182989 0.185895 0.191751 0.198816 0.205481 0.205576 0.213186 0.231351 0.236435 0.238278 0.240825 0.251854 0.254892 0.257337 0.260075 0.264471 0.264793 0.266272 0.267352 0.270479 0.276351 0.277422 0.277659 0.278429 0.279654 0.281176 0.282028 0.282187 0.283583 0.284451 0.287518 0.296941 0.298272 0.299054 0.305119 0.30584 0.30597 0.315887 0.321585 0.326963 0.332477 0.332684 0.334831 0.335292 0.33552 0.335849 0.341701 0.3439 0.348939 0.350574 0.353804 0.358782 0.360852 0.365936 0.367227 0.370861 0.374602 0.375113 0.376437 0.396366 0.400586 0.401393 0.4132 0.414097 0.42161 0.424622 0.425434 0.426372 0.429627 0.436117 0.436896 0.438427 0.438696 0.442309 0.443952 0.44994 0.45242 0.452665 0.453884 0.458747 0.460751 0.461099 0.46129 0.465269 0.47203 0.475913 0.485342 0.485698 0.493112 0.497204 0.4975 0.507596 0.510906 0.512676 0.513296 0.518792 0.523896 0.529265 0.529993 0.534368 0.543813 0.547174 0.55111 0.552728 0.560276 0.56114 0.5633 0.567363 0.570904 0.571984 0.57349 0.574004 0.586313 0.586665 0.589638 0.597099 0.600423 0.600537 0.605306 0.605965 0.606019 0.609901 0.610491 0.61241 0.614693 0.617621 0.633171 0.637066 0.638777 0.642239 0.647958 0.64858 0.651468 0.65171 0.657758 0.658726 0.662333 0.66518 0.665358 0.668064 0.66986 0.672796 0.682793 0.683908 0.684845 0.685538 0.687777 0.692883 0.695532 0.698327 0.698561 0.705565 0.717075 0.721626 0.722602 0.72334 0.724078 0.724137 0.729244 0.733617 0.733679 0.740004 0.741965 0.742001 0.743892 0.74924 0.754753 0.754932 0.755921 0.75723 0.758948 0.766242 0.768983 0.770989 0.780652 0.786416 0.787257 0.788825 0.789624 0.792988 0.796279 0.797236 0.803885 0.807665 0.810841 0.810951 0.812402 0.815315 0.819999 0.821651 0.826935 0.829333 0.830211 0.834214 0.836697 0.838276 0.840821 0.841101 0.844608 0.850562 0.85137 0.852344 0.855497 0.856386 0.858095 0.859305 0.866443 0.867134 0.870682 0.871501 0.879539 0.887758 0.89365 0.894692 0.897144 0.898314 0.900507 0.901571 0.902369 0.905669 0.907177 0.919449 0.921298 0.92891 0.929966 0.930229 0.930786 0.931351 0.931621 0.932884 0.939119 0.940126 0.940381 0.941019 0.941769 0.941793 0.948154 0.948919 0.94945 0.950994 0.957435 0.962505 0.96555 0.967316 0.968612 0.969342 0.971992 0.978411 0.97908 0.987857 0.988471 0.990816 0.992158 0.992194 
effects
0.227434 0.0876472 0.0184089 -0.059129 -0.127911 0.0128701 0.00699582 0.0470917 0.00392468 -0.0477938 0.0869844 -0.0568046 -0.00269258 -0.122829 0.0538025 -0.108062 -0.313301 -0.0147151 0.40648 0.0286293 -0.020684 -0.0896768 0.0304206 -0.0546989 -0.00920437 0.0165864 0.0183937 0.0390346 0.00972382 -0.160023 0.0124883 0.0287945 0.0282422 0.0274237 0.00327763 0.00770436 0.0255179 -0.183471 -0.0738239 -0.094749 0.117023 -0.0431607 0.0204939 -0.00392921 0.0651518 0.0101262 0.0645722 -0.0117182 0.0296135 0.0391125 -0.0396091 -0.00048631 -0.0175725 0.051249 0.0194089 -0.0165196 -0.0905968 -0.016708 -0.023886 -0.0364199 0.00230828 0.0808848 0.0649764 0.290763 -0.0081591 -0.00844615 0.0216997 -0.0248751 0.000527119 -0.0561052 0.031153 -0.0308696 -0.137815 -0.00380678 -0.342652 -0.11083 -0.0626088 0.029012 0.00316971 0.133315 -0.109411 -0.0519421 -0.0503155 0.0851395 0.106288 -0.00984864 -0.07511 0.117298 0.0547158 -0.0225574 -0.00779239 0.05007 0.278415 -0.0090228 0.0237963 0.0766839 0.0391043 0.0413353 -0.0182649 0.0070671 0.0412674 0.0381927 0.0229569 -0.00766005 0.138326 -0.0438743 -0.0149361 0.0147193 -0.0335366 -0.0476542 0.00382115 -0.0513639 -0.0134654 -0.00186964 0.0759406 -0.026719 -0.103199 -0.0179498 -0.0212468 -0.017921 -0.0243224 0.0352116 0.0996104 -0.0922274 -0.119805 -0.0787146 0.00657316 -0.0355444 -0.161076 -0.0156856 0.206849 0.145015 0.0798659 -0.18083 -0.121214 -0.126907 0.0366585 -0.0343963 -0.274904 0.0263164 -0.126299 0.00872043 0.128892 0.0546603 0.0386835 0.0509117 0.125294 0.0972202 -0.0272404 0.0149482 0.100203 0.0767161 0.0521242 0.0403479 0.0622939 0.0610875 0.00201305 -0.0683666 -0.0473715 -0.00988585 0.00253531 0.0333036 0.0481476 -0.0265475 0.0579301 0.0298424 0.0259642 0.0111958 -0.112755 0.176686 0.0372943 0.0197297 -0.0194517 0.0093449 0.0541764 0.00238291 -0.0567358 -0.086481 0.0701962 0.0164128 -0.0240586 -0.000168814 -0.0336108 -0.0197822 -0.00905571 -0.00815633 -0.00679934 0.145663 0.051147 0.0558884 -0.150625 -0.0653761 0.0311369 0.0514772 0.00899982 -0.373519 -0.150335 -0.0596941 -0.106309 -0.129361 -0.0355742 -0.06146 0.0516655 0.0271773 -0.0566027 0.0603768 0.0188758 -0.0685162 -0.165696 0.002595 -0.0200983 0.0244375 -0.0320471 0.00419701 -0.00774502 -0.0569534 -0.00679331 0.0239297 0.0543374 -0.0923683 -0.0994555 0.192674 -0.00610933 -0.107249 0.0417332 -0.0311611 0.0283562 -0.00722541 0.0306911 0.0914738 0.0442542 -0.0904978 0.106367 -0.0546872 0.122005 -0.0104365 0.145933 -0.022185 -0.150907 -0.00856238 -0.0106778 -0.00864211 0.118909 -0.0395982 -0.0375702 -0.0104091 0.144676 -0.187193 0.138735 0.0164232 0.0136236 0.0366752 -0.180663 0.103322 0.0116613 0.0663312 0.0873479 -0.00663697 0.0533011 0.0113195 -0.118127 0.0173337 -0.0614689 0.0509184 0.000261411 0.0189218 -0.136064 0.015897 -0.0858423 -0.142817 0.0714929 0.0511652 0.0120237 0.0128504 0.11355 -0.108439 -0.259048 0.00135335 0.00460112 -0.0974915 -0.126022 -0.180706 -0.109133 0.116777 0.000304417 -0.0261755 -0.0173836 0.260257 0.0141563 0.374357 -0.0156158 -0.202558 -0.0250485 0.29384 -0.00243659 -0.020137 -0.231046 0.523462 -0.0581329 -0.0501638 
dominances
0.00272701 0.115951 0.0131146 0.0811632 0.100461 0.000941328 0.105797 0.0854453 0.0526338 0.0847597 0.0937234 0.140246 0.177789 0.0202702 0.102128 0.0693193 0.000511842 0.123423 0.0596452 0.00023011 0.0368736 0.269045 0.00179393 0.107184 0.0441388 0.089225 0.0262764 0.0520823 0.0611283 0.109101 0.108991 0.00217024 0.111621 0.0592339 0.17106 0.0760812 0.0455128 0.00605609 0.0992166 0.0254603 0.0418918 0.0170138 0.108111 0.00611468 0.0329329 0.0706585 0.0992113 0.181027 0.00696989 0.086065 0.0128103 0.0218317 0.0164806 0.0600968 0.172369 0.15268 0.00759027 0.179979 0.0473911 0.105853 0.276331 0.0121071 0.0139755 0.0911631 0.0437744 0.186374 0.0129501 0.0651233 0.0260338 0.0206414 0.130923 0.114171 0.215165 0.0313251 0.0384585 0.0812795 0.112149 0.0508301 0.0140284 0.0338188 0.223801 0.205936 0.0975948 0.167546 0.139517 0.0491466 0.146425 0.010972 0.11875 0.05461 0.106465 0.0496557 0.0563548 0.124509 0.0677461 0.0343915 0.0744212 0.0931008 0.0238304 0.041444 0.0713904 0.144994 0.0674549 0.0971514 0.0437046 0.0258425 0.0193649 0.0983993 0.0797332 0.0939276 0.0999653 0.0490377 0.0953956 0.156642 0.0510339 0.00322503 0.0319914 0.0107277 0.206421 0.0266202 0.00612445 0.0377239 0.0708939 0.128249 0.112384 0.0762414 0.0576544 0.0902126 0.00261179 0.0320026 0.138764 0.0357535 0.0330515 0.00154512 0.130012 0.046177 0.0976915 0.0925176 0.0825653 0.169256 0.0467135 0.0639082 0.041939 0.0381774 0.0036994 0.0720095 0.00378584 0.0364307 0.0207224 0.0457538 0.0886449 0.112786 0.00704161 0.110484 0.0324005 0.0152933 0.115954 0.0452391 0.00415425 0.087152 0.127194 0.0380455 0.0850795 0.0110394 0.0265441 0.0357461 0.114276 0.0469278 0.207236 0.0822038 0.0468153 0.235511 0.125246 0.0359983 0.0499902 0.0789355 0.121433 0.0416505 0.0328904 0.0219407 0.18274 0.186454 0.0664833 0.0208789 0.0777194 0.12589 0.083361 0.176174 0.0599311 0.0704856 0.0856118 0.0877697 0.135834 0.0472923 0.0620031 0.067794 0.00491923 0.0256311 0.0192979 0.293491 0.108489 0.0143172 0.168124 0.0798047 0.0460209 0.105384 0.160077 0.0940593 0.0662314 0.109848 0.0463852 0.0263555 0.0684246 0.130525 0.00550881 0.169912 0.0429867 0.0983383 0.132716 0.00299102 0.00554 0.0481949 0.0199528 0.0743122 0.157201 0.269433 0.182778 0.0669048 0.125006 0.145145 0.179092 0.089547 0.148465 0.114129 0.0422357 0.0146584 0.0245879 0.0260196 0.197384 0.0146692 0.190992 0.180091 0.117151 0.102341 0.051077 0.10952 0.101259 0.0324319 0.0036312 0.0926673 0.0758427 0.092355 0.0996108 0.0193349 0.226265 0.136192 0.122742 0.133713 0.0974605 0.0434014 0.102931 0.0354013 0.0184591 0.104327 0.0614344 0.0758816 0.0391526 0.0426592 0.068417 0.0259045 0.0673586 0.0227813 0.0720225 0.0287399 0.103039 0.0586664 0.225417 0.0536086 0.280423 0.158454 0.0864092 0.0994367 0.119572 0.162451 0.0414377 0.00562247 0.0552423 0.0173392 0.0877622 0.0246231 0.0404494 0.213129 0.00924376 0.107418 0.116252 0.174224 0.0434468 0.0278245 0.0111575 0.00134766 

network 0 1000
edges0
46 287 46 46 287 104 73 104 287 46 104 46 287 73 153 73 86 104 287 153 46 104 153 11 86 287 46 73 37 46 104 73 86 11 153 287 287 86 2 46 86 37 104 287 46 11 2 73 86 279 46 262 153 2 287 11 104 37 73 2 37 46 153 73 11 104 86 262 287 279 47 153 73 47 37 11 279 104 287 46 262 296 2 37 104 73 153 262 46 11 279 273 86 2 11 296 46 73 37 47 104 273 279 287 46 37 73 104 279 296 287 2 47 37 287 262 2 64 169 73 46 279 64 2 46 296 287 43 169 37 47 262 104 47 296 287 64 169 104 221 86 2 262 73 273 46 37 2 104 138 46 86 153 221 47 43 273 169 104 273 2 153 221 47 37 46 262 138 202 11 169 46 273 37 11 47 43 2 202 138 51 262 46 153 104 296 279 221 169 273 2 86 279 202 159 296 153 46 73 47 287 227 262 86 138 2 169 138 11 296 51 46 279 86 97 1 104 43 287 112 64 46 279 227 221 104 97 11 46 296 51 43 273 202 47 2 23 1 159 86 73 221 279 46 273 262 47 43 112 64 37 279 47 2 11 112 104 202 30 11 43 138 262 46 273 30 169 287 279 273 30 262 46 296 159 11 2 37 73 202 153 47 86 46 146 202 221 296 23 43 37 73 30 279 47 103 146 279 273 104 112 86 47 46 159 37 43 153 138 9 296 146 9 37 64 273 46 51 227 30 279 262 30 262 51 279 273 11 2 296 138 37 159 273 43 48 103 30 86 287 188 169 261 296 138 287 262 30 1 51 103 227 159 30 273 279 287 51 46 296 2 196 86 190 228 43 221 37 262 86 169 2 73 273 221 86 73 169 11 90 47 43 196 2 169 138 112 11 97 2 190 64 273 37 37 112 150 216 97 2 190 146 227 138 48 169 64 262 202 112 227 104 2 37 73 41 228 37 273 104 221 47 262 279 46 138 9 41 43 64 159 228 104 47 235 11 47 221 296 37 112 159 2 97 90 190 296 46 4 1 202 51 46 97 104 188 146 169 37 48 184 37 43 47 228 201 153 273 46 190 112 47 138 2 227 153 51 226 228 273 278 262 47 43 228 188 37 41 296 103 2 97 287 138 146 51 97 190 161 43 46 202 47 201 73 296 30 201 46 278 37 2 103 86 138 146 150 11 104 150 296 2 51 273 1 235 30 138 103 63 73 278 11 273 63 273 132 23 2 64 30 202 188 47 153 206 188 150 287 296 153 9 46 262 90 161 225 30 63 112 73 41 52 169 37 138 227 228 226 38 262 11 47 37 273 138 202 227 104 51 30 30 169 296 201 206 104 188 273 226 1 30 159 104 73 228 278 112 132 146 46 169 53 30 44 228 86 146 112 201 143 227 202 196 86 261 41 47 138 202 262 46 184 37 51 296 30 279 92 84 202 161 43 146 200 156 233 278 262 2 227 97 47 196 73 202 43 64 2 52 37 92 296 23 146 279 1 37 216 2 86 196 226 159 9 46 47 48 273 48 23 97 216 143 200 11 86 73 51 48 273 146 169 201 132 92 37 43 221 92 221 104 132 38 53 146 247 161 287 97 273 262 169 38 46 47 86 184 247 278 64 190 200 273 52 279 132 235 279 46 278 38 146 260 64 150 52 296 190 225 11 188 196 1 228 71 188 118 11 146 104 296 139 63 112 100 63 169 138 92 37 2 104 228 232 216 71 202 143 11 37 48 235 273 100 156 159 104 169 92 52 287 138 262 184 143 235 97 279 183 226 261 296 273 11 44 138 282 159 201 48 143 202 9 190 51 2 225 23 221 86 159 201 104 232 90 296 37 273 48 153 159 11 46 47 206 103 30 9 190 11 261 2 153 247 221 296 201 278 71 138 112 118 92 37 86 9 262 11 2 215 11 228 227 190 138 84 37 260 86 273 156 262 201 225 260 44 187 118 112 235 73 30 202 190 150 71 104 209 287 216 4 43 9 73 41 227 227 296 47 282 188 202 51 235 130 86 262 138 103 201 188 71 90 226 262 296 201 44 86 100 84 287 71 104 138 38 73 247 90 84 86 233 30 227 271 1 150 132 262 296 273 138 86 169 30 296 273 11 228 90 92 138 47 279 30 271 37 138 296 235 228 209 64 262 37 225 30 221 261 206 100 87 73 211 143 146 262 138 48 4 11 226 104 187 184 233 190 262 156 269 171 48 161 188 90 11 169 139 30 262 296 37 73 90 56 64 51 126 12 206 86 48 73 171 38 71 159 2 287 
edges1
287 104 104 73 73 73 153 153 153 153 86 86 86 86 86 11 11 11 11 11 11 37 37 37 37 37 37 37 2 2 2 2 2 2 2 2 279 279 279 279 262 262 262 262 262 262 262 262 47 47 47 47 47 47 47 47 47 47 47 296 296 296 296 296 296 296 296 296 296 296 296 273 273 273 273 273 273 273 273 273 273 273 273 169 169 169 169 169 169 169 169 169 169 64 64 64 64 64 64 64 64 64 64 64 202 202 202 202 202 202 202 202 202 43 43 43 43 43 43 43 43 221 221 221 221 221 221 221 221 221 221 221 221 138 138 138 138 138 138 138 138 138 138 138 138 138 227 227 227 227 227 227 227 227 227 227 227 227 51 51 51 51 51 51 51 51 51 51 51 51 51 159 159 159 159 159 159 159 159 159 159 159 1 1 1 1 1 1 97 97 97 97 97 97 97 97 97 41 41 41 41 41 41 41 41 41 112 112 112 112 112 112 112 112 112 112 23 23 23 23 23 23 23 23 146 146 146 146 146 146 146 146 146 146 146 30 30 30 30 30 30 30 30 30 30 30 30 30 30 30 30 188 188 188 188 188 188 188 188 9 9 9 9 9 9 9 9 9 9 103 103 103 103 103 103 103 103 103 103 103 103 103 103 228 228 228 228 228 228 228 228 228 228 228 228 228 261 261 261 261 261 261 261 261 261 261 261 261 261 261 196 196 196 196 196 196 196 196 196 196 196 196 48 48 48 48 48 48 48 48 48 48 48 190 190 190 190 190 190 190 190 190 190 190 4 4 4 4 4 4 4 4 90 90 90 90 90 90 90 90 90 90 90 216 216 216 216 216 216 216 216 216 216 150 150 150 150 150 150 150 150 150 150 150 201 201 201 201 201 201 201 201 201 201 235 235 235 235 235 235 235 235 235 235 235 235 235 235 235 52 52 52 52 52 52 52 92 92 92 92 92 92 92 92 92 92 92 92 92 225 225 225 225 225 225 206 206 206 206 206 206 206 206 206 184 184 184 184 184 184 184 226 226 226 226 226 226 226 226 278 278 278 278 278 278 278 278 278 63 63 63 63 63 63 63 63 63 63 63 63 63 161 161 161 161 161 161 161 161 161 161 161 161 161 44 44 44 44 44 44 44 44 44 44 44 44 53 53 53 53 53 53 53 53 53 53 53 200 200 200 200 200 200 200 200 200 132 132 132 132 132 132 132 132 183 183 183 183 183 183 183 183 183 183 183 183 38 38 38 38 38 38 38 38 38 38 38 38 260 260 260 260 260 260 260 260 260 260 260 260 143 143 143 143 143 143 143 143 143 143 143 156 156 156 156 156 156 156 156 156 233 233 233 233 233 233 233 233 233 233 233 84 84 84 84 84 84 84 84 84 84 84 84 247 247 247 247 247 247 247 247 247 247 247 247 118 118 118 118 118 118 118 118 118 118 118 71 71 71 71 71 71 71 71 71 71 71 215 215 215 215 215 215 215 215 215 215 182 182 182 182 182 182 182 182 182 182 182 182 100 100 100 100 100 100 100 100 100 100 232 232 232 232 232 232 232 232 232 232 178 178 178 178 178 178 282 282 282 282 282 282 282 282 282 282 282 282 139 139 139 139 139 139 139 139 139 139 139 209 209 209 209 209 209 209 209 133 133 133 133 133 133 133 133 133 133 131 131 131 131 131 131 131 131 131 271 271 271 271 271 271 271 271 271 271 187 187 187 187 187 187 187 187 187 187 187 187 187 187 187 187 187 187 87 87 87 87 87 87 87 87 87 87 87 171 171 171 171 171 171 171 171 171 171 126 126 126 126 126 126 126 126 126 126 242 242 242 242 242 242 242 242 242 242 242 242 242 242 12 12 12 12 12 12 12 12 12 12 12 12 12 130 130 130 130 130 130 130 130 130 130 135 135 135 135 135 135 135 135 135 135 135 269 269 269 269 269 269 269 269 269 269 269 269 269 3 3 3 3 3 3 3 3 3 3 3 3 211 211 211 211 211 211 211 211 211 211 66 66 66 66 66 66 66 66 198 198 198 198 198 198 198 198 198 198 198 198 198 198 116 116 116 116 116 116 116 116 116 116 160 160 160 160 160 160 160 56 56 56 56 56 56 56 56 56 56 56 56 253 253 253 253 253 253 253 253 253 253 253 253 253 120 120 120 120 120 120 120 120 120 120 120 234 234 234 234 234 234 91 91 91 91 91 91 91 91 91 179 179 179 179 179 179 179 179 179 179 179 179 45 45 45 45 45 45 45 45 45 45 45 
weights
-6.24326e-06 -0.00117579 2.24946e-09 -9.39579e-14 0.00708842 -0.00215798 -8.1296e-10 9.56688e-05 7.59563e-07 0.000777879 0.000895507 0.00576542 -2.19353e-05 0.00154079 0.0445593 -5.03222e-05 -0.0025611 -0.00349269 1.31938e-08 2.00337e-11 0.00223585 -1.3376e-11 0.0137923 -0.000217738 4.70192e-05 -0.00166149 -0.00172524 -0.000121488 9.82172e-11 1.34773e-07 -2.29785e-05 -0.00839767 -2.60642e-05 0.0139738 -3.80664e-07 4.24683e-14 3.2166e-09 -0.0654283 4.30621e-05 -0.0612164 1.54976e-10 0.00475047 0.0118471 2.32244e-05 -0.0154079 -0.001045 7.49229e-09 -1.01536e-11 -0.000204123 -0.0771809 -0.00549283 0.0194858 0.00146916 0.00218719 0.00397773 0.0143442 -0.000128953 -0.000263479 -0.000209912 -0.0077651 -1.38971e-11 0.00790244 0.0054854 -0.000108209 -0.000861263 3.61397e-13 -0.048073 -0.00406713 -0.177287 -3.29341e-08 2.72333e-07 0.0607541 -0.0406741 -0.0375578 0.0013198 0.0739624 9.4338e-08 -0.000540406 4.83856e-05 -5.90108e-07 -0.00753061 2.17586e-15 0.00442641 -0.000952999 0.00337725 -0.0532193 0.0535001 -0.00238081 1.98321e-09 0.000179425 0.0905533 -2.22499e-11 0.000278955 -4.15995e-16 5.78197e-19 -7.47087e-07 -1.00177e-06 -0.00806828 -1.10236e-10 -1.51555e-06 0.000398799 1.29524e-17 -0.0541597 7.07826e-13 -0.000153024 -2.59998e-08 1.954e-06 1.68171e-07 -6.23856e-09 -8.41487e-10 0.00452196 -1.77939e-06 0.00152746 0.000669478 -4.69186e-09 0.0364905 -7.55371e-13 -0.000289607 -0.0196323 -7.57005e-05 -5.77127e-05 -0.000157709 -2.52388e-06 -8.73114e-10 0.00463002 3.75771e-05 -0.0647639 0.000134782 0.000224416 0.00108874 0.0686571 -7.48698e-09 0.121705 0.0152534 -0.00112254 1.45868e-05 1.64128e-10 0.00599741 1.43643e-05 -0.0219793 -0.0666984 -6.61952e-07 -0.000249415 -2.02342e-10 0.0104997 2.52921e-06 -1.17383e-06 -3.04178e-08 -2.0993e-07 1.02389e-05 -3.59586e-07 1.60526e-05 -5.85508e-05 3.2217e-08 -0.000406297 0.185431 -0.00108619 3.93976e-07 0.000256357 0.00040009 -2.58647e-08 -0.0546005 -0.0006385 3.80972e-08 -0.00107157 -0.00542175 5.90618e-09 -1.09099e-10 -0.00105603 -0.000762862 -0.00083068 -2.21613e-14 0.001369 0.0194537 -0.0147712 -0.122221 0.0724655 -0.000396122 -0.000360921 3.88203e-05 -4.14205e-05 -1.00942e-05 -0.00021636 4.42151e-12 0.0079865 0.000216822 1.86513e-05 3.565e-05 0.000553878 0.0316849 0.0023479 -6.26043e-07 -3.82499e-12 3.78875e-06 -0.0142989 -0.00174436 1.45412e-11 0.0012972 4.75641e-07 -3.77516e-07 7.06314e-11 -0.000851841 -7.93615e-15 0.012014 -0.152404 -0.00112895 1.03112e-12 -1.46446e-05 -9.03589e-05 -0.00812765 -0.0212027 -2.02001e-15 -0.00922398 4.58612e-12 0.0725496 -3.39832e-12 -1.00189e-10 -4.28569e-13 -0.031211 7.84171e-14 0.00340357 -0.000340369 2.76562e-07 -7.04774e-11 -0.0034086 -0.0369521 0.00202511 -0.0525355 -5.33869e-07 -4.77396e-05 -1.84672e-09 -1.7791e-07 1.19314e-07 -5.53404e-06 -1.05248e-11 0.00304065 7.64489e-06 6.1284e-06 0.0101762 -3.91547e-09 -3.87752e-09 4.56673e-05 0.0303991 -0.000418996 0.000227523 -1.08918e-05 -0.0566534 -0.000301084 -0.023189 0.0961276 1.66716e-07 -4.16129e-10 1.03679e-18 0.000131435 2.47042e-09 -9.77113e-05 0.00247385 -0.000794531 -8.27126e-19 -2.12862e-07 -0.00655295 -0.000926627 -6.07991e-10 -0.00322076 -1.42205e-06 0.0116886 -3.27419e-06 -0.000356185 0.0066667 -2.54778e-05 -0.0868965 0.00087015 0.000245817 -0.0120967 -0.0362461 0.000226103 0.0105742 -9.12728e-09 0.00220521 0.0119934 -1.40129e-06 -0.0182469 4.76506e-07 0.00901668 -0.0112549 -0.000302791 5.06172e-05 0.0671156 -1.27431e-09 0.0001844 0.000114013 0.00157286 -8.18496e-05 -0.0283842 3.15986e-08 0.00136818 0.0119976 -0.0436484 -0.0111976 8.40977e-07 8.16171e-06 0.0258617 -0.00192021 -0.00516347 -1.101e-09 7.13967e-06 -0.00685704 -7.22108e-18 3.9011e-10 0.00440069 0.030895 0.000775738 2.3813e-05 -1.5798e-05 0.00195329 -0.000679903 0.0178139 4.9243e-05 -4.00061e-06 0.0467473 0.00181606 -0.0001437 -6.40448e-06 3.49996e-05 1.83925e-08 9.22028e-05 -0.181858 0.000551594 0.00131949 0.000112312 5.2502e-11 8.2448e-10 3.78573e-21 0.0136561 0.0705426 -0.0126419 1.64051e-12 -0.0240223 0.112171 -1.87137e-06 0.0268291 0.00153935 0.0019247 2.46129e-06 -0.0074756 8.28103e-07 0.0078582 -5.81509e-08 -0.000375116 -0.000250532 0.00197683 -0.00201132 3.88235e-06 -0.00241664 0.0135728 -6.53491e-06 0.00920967 0.000198954 4.62645e-18 -3.88359e-10 -0.000146476 -7.50159e-05 5.57619e-07 0.0096246 2.58828e-08 1.11399e-10 -0.00830346 0.180192 -0.00565829 -0.00509145 3.06996e-05 -0.0107565 -0.0250821 2.46352e-08 -0.000569392 0.00153568 0.002822 0.000265333 -3.53832e-10 -5.33124e-09 0.00183587 2.37516e-10 -1.53001e-06 1.74946e-09 -4.14603e-05 8.33681e-10 0.0280747 -1.72855e-10 -0.0134978 9.84987e-10 0.000300479 -7.21676e-10 -2.54971e-12 -1.24097e-10 -0.0012673 0.000108961 -0.000726186 0.00736784 -1.38528e-06 -2.42521e-13 -5.19717e-05 -3.19776e-06 -5.14728e-06 -0.0412361 -0.00336549 -6.11928e-12 -0.000169785 5.25832e-08 -0.0013588 -2.20299e-08 6.33165e-05 0.000256915 -2.24062e-08 7.06605e-05 0.000245057 2.97866e-07 -5.85985e-06 -4.42816e-05 -0.0438882 0.00335975 0.0118117 0.00421756 -6.78216e-07 0.000474406 -7.77089e-07 0.00201913 -0.00153702 1.19652e-05 0.0131505 6.54914e-05 -0.000135881 5.9116e-07 0.000187858 -0.00114614 -9.99172e-08 2.55418e-05 -0.000388814 -0.00345097 -0.00113033 0.00445783 8.27265e-07 0.0325434 -0.00190877 6.61369e-05 -3.25358e-06 -0.000166646 0.000898838 1.77182e-05 -6.07417e-10 -0.000536183 -7.38066e-05 -2.01217e-06 -0.00835082 0.0013969 -0.0231036 -0.000339809 2.8821e-06 1.21685e-05 5.06314e-09 3.47164e-11 -0.00112899 1.48295e-05 -0.000731598 -3.58337e-09 0.00377751 -0.00394566 2.30029e-18 0.000380302 -9.51654e-07 -0.0240538 -0.001239 -8.51332e-07 0.0180197 -0.000664154 -0.000222083 0.000946043 0.000611159 0.00111668 0.000395556 1.322e-06 -5.81758e-05 0.0376483 0.00387204 -9.72484e-05 0.207425 0.00157146 0.0138284 -3.32848e-13 0.00126991 0.103624 0.00487837 -0.0016344 -2.67283e-07 -2.22559e-08 -0.00560992 0.000852402 -2.04795e-05 -0.0185177 5.5e-11 -0.0498824 -9.4635e-17 -0.000154606 -3.87467e-06 -6.25037e-13 1.75864e-08 0.00628166 0.000856239 3.83649e-06 -0.000186464 0.000104496 2.21794e-08 4.85622e-08 -1.77418e-06 0.00022863 0.00848444 -0.0293232 -0.0154944 0.087676 -0.0024785 0.0604734 -6.68162e-08 -0.000683056 1.45771e-15 -1.88689e-17 -0.000545913 5.70502e-05 0.00597616 1.67878e-17 -0.00312483 -9.91657e-06 3.94965e-05 -0.000683797 -2.94455e-06 8.75032e-12 -0.00131215 -3.89227e-06 5.81836e-06 -2.31117e-12 4.04585e-05 -2.62666e-09 -0.0344987 -0.000529076 -6.16913e-10 2.78884e-10 -0.000118008 1.62571e-05 1.20421e-09 -3.66401e-07 -0.0127511 0.0427386 0.0035438 3.46751e-05 3.76437e-05 0.00389189 7.36715e-08 -8.49133e-10 0.0216953 6.30443e-05 -0.00163714 -0.00549947 1.22034e-05 -0.00271064 -3.54833e-06 0.0430086 -1.03048e-05 -0.000799847 -0.00346488 -9.7488e-09 -7.22242e-08 -1.7417e-12 -6.70333e-07 0.0338178 -1.46609e-14 0.0370956 0.000850108 -2.66834e-05 -7.58751e-06 -0.000673416 0.000184646 -5.09654e-05 6.64827e-05 7.60075e-08 2.19937e-07 -0.000583949 1.39612e-11 0.00198806 0.0279694 -0.124862 0.0635305 2.52249e-10 -1.65625e-07 -1.31753e-06 -0.0161891 -4.96982e-05 0.000262698 -5.02554e-09 -0.140074 0.00604184 -8.63328e-05 -5.3136e-06 3.63331e-07 -1.57538e-10 -0.00676357 -1.33482e-05 0.00116153 -3.62417e-06 -0.00180855 -0.000129471 -4.28567e-05 -0.00047307 1.92329e-05 -7.06329e-08 -2.66584e-05 0.0193967 0.00322645 0.371972 2.66815e-05 0.251999 0.0158163 -3.05372e-06 0.00514396 -4.15304e-12 -0.00119957 1.0629e-07 -1.28949e-08 0.00212964 0.034099 -0.0492179 1.24308e-22 1.41882e-06 7.56805e-05 -3.53436e-05 -0.0002154 0.011373 0.00160526 0.000839002 -5.07621e-08 -0.00722926 -3.23581e-06 0.0302328 3.22515e-11 -0.0404724 0.0655001 0.0217378 2.25584e-05 -0.0394601 0.0206708 0.0002092 -0.000388858 3.32641e-07 -1.6473e-06 0.03028 0.0944276 2.21825e-05 1.90349e-06 0.0674225 2.01876e-06 -1.08381e-13 -8.31911e-06 0.00158617 0.000469545 -3.0467e-06 0.00518626 0.0021896 0.00237999 0.00094427 1.54515e-13 0.0020797 0.00116901 0.000437133 7.17059e-07 2.96763e-17 -2.43503e-06 0.000579392 0.000200544 -7.61882e-19 7.65884e-11 -3.29159e-05 0.00229913 7.74958e-06 -0.000225381 -3.04443e-17 -0.0200625 -0.00138712 4.90059e-08 7.51157e-09 -0.0118659 3.82325e-09 -3.40294e-10 1.45906e-09 -0.0737195 -0.000860191 -0.0403199 -3.60707e-10 0.000307911 1.06421e-05 0.0025748 -1.57242e-07 -0.000321242 1.46709e-05 0.00274077 1.23752e-06 -1.39728e-14 -1.66986e-06 5.17013e-06 -2.54283e-06 -0.000113787 -1.03068e-05 0.00284932 -8.31653e-05 4.05437e-05 -0.00262511 -3.70437e-05 -3.01408e-08 -0.000153781 0.00519925 0.000117994 -0.0078381 0.00145849 0.015471 5.4282e-09 -8.13979e-05 -0.000666307 -1.74356e-05 0.034845 -0.00181776 -8.2758e-09 7.33155e-10 -0.00263864 1.0388e-10 0.0138431 0.00988998 -0.00140674 2.97134e-06 0.000617881 0.00247608 0.000207484 -1.08729e-09 -2.18847e-05 -0.00116688 -0.00110439 2.41482e-05 -0.00174951 -1.06133e-10 3.42988e-15 -2.97811e-11 6.90377e-06 0.120464 -0.0320217 1.87346e-17 4.6454e-12 -0.000142878 -0.0370361 0.00513223 -0.000248615 0.0131126 3.94218e-05 -0.00149728 -1.02046e-09 -6.06792e-05 1.13153e-12 0.0183018 1.38895e-12 -3.61121e-09 5.41996e-08 1.82667e-05 0.0010729 0.00160775 0.0992289 -1.48463e-12 1.00604e-06 -0.0766991 0.00142489 -1.26364e-08 -2.25683e-07 0.000503996 -0.0224411 -0.000388453 0.0175367 8.93286e-16 7.99382e-05 -0.00229356 1.2688e-06 0.00971316 0.000548042 0.0165463 -0.00411886 0.000638204 0.202797 -0.0342348 -1.58787e-05 -4.39358e-08 0.0155492 -0.075087 -0.001433 -0.00745013 6.82316e-05 0.000498962 -0.000504342 -0.071738 -0.00163056 0.0685885 -0.000313432 0.114912 -0.000104798 0.000503306 1.43423e-07 -0.000850875 0.0130749 3.00997e-18 0.0570728 0.00756022 4.89077e-07 -8.7571e-11 -0.0050059 -0.0215276 -4.49724e-17 -1.42762e-09 3.57799e-05 -3.4736e-05 -0.000182788 3.18042e-05 1.02563e-08 0.00517399 0.00032697 -1.8058e-10 -3.86271e-12 -0.000291537 -5.46329e-05 -0.00960228 4.87588e-12 -0.00011463 9.80986e-05 0.000212887 -0.0118331 -0.00298596 0.0504049 -0.00112523 0.00126828 0.000333163 -0.000105374 -4.87842e-05 1.72268e-06 -3.34744e-05 -0.00162682 2.08538e-05 -1.36759e-14 8.8365e-12 0.000268646 -1.62375e-05 3.18432e-07 -8.85621e-05 -4.68304e-05 0.000594047 1.23286e-06 0.0581128 -0.00225662 -1.20872e-09 -0.000109257 0.00742933 4.10891e-05 0.0680812 -9.77955e-07 -0.000171476 -7.45939e-09 -2.52103e-07 5.5342e-05 5.36358e-05 0.000317848 -0.00634505 2.65746e-07 -0.011753 -7.86625e-05 0.00285109 7.83302e-08 -4.97713e-09 0.0399375 4.09109e-05 -9.77283e-06 -0.0114558 0.00375871 -2.82806e-06 0.144441 1.04861e-07 -3.03464e-05 0.000138018 3.96245e-17 -1.61964e-20 0.0652163 2.01246e-07 0.00305685 -3.65677e-09 5.3007e-14 -9.09077e-12 -0.00417412 -0.0022486 9.89456e-06 -0.000196034 -5.76555e-05 1.25344e-05 7.96778e-09 0.000402921 7.21244e-09 -2.07949e-20 0.000271696 -5.25443e-06 -0.011366 0.000700426 0.000984012 0.0162724 -2.11769e-12 -0.000270674 0.320863 -0.0111949 -4.31673e-07 9.63558e-06 0.00500024 2.75098e-07 -0.0079617 -0.0290928 -6.94442e-06 -0.00845638 0.0551551 -2.86285e-06 -8.72439e-06 -4.99063e-05 -2.26265e-07 -0.00321009 -2.3504e-05 -0.136207 -5.12139e-05 -0.000525134 -9.70326e-05 -0.00190291 -2.52494e-11 0.0216364 0.0012306 0.0325297 -0.00310915 -3.9366e-16 3.57178e-05 -0.00514796 0.00122879 -9.02755e-06 0.010971 0.00157622 -0.0164255 4.22546e-05 1.86598e-06 -7.41666e-24 6.49721e-06 0.00257438 -0.000117801 2.51816e-05 0.0005317 2.58105e-15 5.61608e-06 2.5593e-09 6.14053e-11 -2.30618e-07 -0.000112627 -0.0132347 0.04204 -0.00259849 0.0115942 -0.160564 0.000395308 0.00598388 -7.28808e-09 1.12953e-07 -0.000217326 -1.13589e-23 0.000429836 4.95173e-06 0.00175605 -0.000273712 -0.00108437 0.0377296 0.0105653 4.56668e-05 -5.54169e-11 -1.35905e-06 -2.6294e-06 -5.30329e-08 -7.67894e-05 -6.86331e-12 -8.48014e-15 -8.63514e-09 -2.01322e-10 3.63066e-10 -0.0280466 -0.0157519 -8.05918e-07 6.27859e-10 2.11621e-09 2.21526e-08 0.00245833 -0.00184703 9.69405e-11 -0.000440894 

network 1 1000
edges0
59 59 231 59 119 231 59 231 119 17 119 40 231 17 59 40 119 59 17 162 231 59 162 40 17 119 231 115 40 119 115 162 17 125 231 59 231 40 115 59 125 107 119 17 162 119 59 102 107 115 231 17 162 125 40 125 40 59 107 119 61 276 119 61 107 231 162 17 125 115 40 59 102 59 115 102 125 61 40 231 276 281 119 17 107 162 40 281 231 17 61 102 107 119 125 107 17 115 162 61 276 40 102 231 286 8 281 59 8 162 119 115 17 61 281 107 105 102 125 286 102 107 281 162 40 61 286 293 17 8 40 286 162 231 293 154 61 102 185 17 8 102 276 162 293 154 105 119 231 115 125 119 125 207 61 107 286 8 59 231 154 102 8 293 154 59 105 207 281 59 40 210 105 154 281 119 162 61 293 276 115 281 125 105 17 8 59 119 293 265 115 124 276 40 281 40 125 59 124 207 105 162 265 293 125 61 17 154 119 286 281 162 231 293 281 8 162 59 115 125 61 102 286 128 231 105 286 17 148 265 105 281 162 107 102 231 265 210 102 204 276 207 154 59 208 281 17 162 124 119 208 231 204 265 207 40 107 55 276 281 148 125 59 115 128 162 272 276 59 125 124 128 105 115 125 286 102 17 281 162 231 55 231 154 293 59 272 80 128 8 8 162 207 61 208 55 272 102 281 113 128 119 17 293 59 154 40 102 105 8 115 59 265 119 245 128 105 125 55 102 115 207 162 208 99 281 272 231 105 119 124 115 128 207 162 210 276 102 40 61 17 128 59 8 55 119 99 119 154 80 173 105 293 245 207 113 102 231 99 154 125 59 74 208 8 55 265 61 102 293 59 154 210 231 124 185 55 27 281 276 125 204 113 207 293 128 17 55 128 239 124 119 154 128 276 281 115 125 286 148 154 61 99 119 107 162 105 207 272 40 65 8 231 286 265 125 125 231 74 280 40 293 105 102 8 102 162 8 275 113 148 293 231 204 185 207 239 107 265 61 99 8 231 208 166 40 17 245 74 185 204 59 115 17 272 40 59 281 102 105 293 207 61 124 208 166 239 55 281 275 61 154 148 115 128 245 59 65 162 207 293 61 119 17 10 239 101 99 272 50 40 15 115 231 281 207 154 59 128 275 74 99 61 166 115 293 128 272 275 265 272 250 297 276 166 119 59 204 272 297 207 21 99 208 113 213 102 207 185 57 107 59 128 124 115 115 50 128 281 59 102 207 293 245 99 61 105 115 207 272 124 148 74 214 281 102 119 293 162 61 65 293 125 113 276 204 80 185 119 275 231 191 293 162 59 213 113 105 231 265 115 125 102 17 61 245 285 152 275 272 245 125 8 107 119 57 286 281 154 102 59 102 275 107 105 162 297 115 65 101 272 191 125 8 14 185 105 128 162 8 113 280 204 207 125 80 272 67 149 148 124 239 27 128 74 148 149 251 214 213 61 173 207 204 59 276 148 162 185 80 210 280 229 125 293 82 19 173 251 8 207 107 102 124 59 115 280 136 137 55 276 17 148 101 119 152 65 231 297 125 102 107 61 17 59 265 8 141 276 105 80 213 185 74 67 113 276 148 251 107 229 59 125 10 110 102 74 208 124 275 107 286 293 265 192 99 8 80 286 115 154 61 125 110 214 82 276 207 59 17 105 80 293 245 102 19 50 272 281 231 14 108 136 293 173 82 105 251 55 128 102 80 115 280 74 40 50 293 19 59 102 65 105 162 124 17 125 265 15 74 80 207 29 245 124 115 191 98 293 59 295 115 108 149 119 59 265 19 276 99 119 125 245 59 204 214 207 26 281 8 102 57 297 98 148 59 192 115 74 107 98 57 14 149 26 113 59 19 249 40 286 105 231 26 276 26 8 148 125 207 15 102 98 250 280 59 128 125 295 27 19 102 276 113 88 82 137 26 107 61 102 55 208 144 27 17 105 65 8 293 144 74 107 158 55 231 107 27 276 110 115 142 113 208 17 207 94 148 17 162 293 125 57 29 251 214 204 154 99 117 125 162 191 185 102 166 125 19 80 61 154 249 281 21 78 17 291 265 119 108 128 297 102 74 285 80 158 78 117 128 107 214 102 105 49 149 119 55 98 94 158 24 125 80 141 294 82 207 245 251 99 299 124 293 80 148 119 192 59 107 136 14 55 144 275 62 119 192 275 78 113 121 105 137 40 154 17 10 142 74 275 128 166 275 207 110 101 124 105 148 15 113 239 207 50 275 162 21 107 125 293 74 162 272 99 276 295 245 293 210 
edges1
231 119 119 17 17 17 40 40 40 40 162 162 162 162 162 115 115 115 115 115 115 125 125 125 125 125 125 125 107 107 107 107 107 107 107 107 102 102 102 102 102 102 102 102 102 61 61 61 61 61 61 61 61 61 61 276 276 276 276 276 276 281 281 281 281 281 281 281 281 281 281 281 281 8 8 8 8 8 8 8 8 8 8 8 8 8 286 286 286 286 286 286 286 105 105 105 105 105 105 105 105 105 105 105 105 105 105 293 293 293 293 293 293 293 293 293 293 293 293 293 154 154 154 154 154 154 154 154 185 185 185 185 185 185 185 185 185 185 207 207 207 207 207 207 207 207 207 207 207 207 207 265 265 265 265 265 265 265 265 265 265 265 210 210 210 210 210 210 210 124 124 124 124 124 124 124 124 124 124 124 124 128 128 128 128 128 128 128 128 128 128 128 128 128 55 55 55 55 55 55 55 55 55 55 208 208 208 208 208 208 208 208 208 148 148 148 148 148 148 148 148 148 148 148 148 148 204 204 204 204 204 204 204 204 204 204 113 113 113 113 113 113 113 113 113 113 113 113 113 113 272 272 272 272 272 272 272 272 272 272 272 272 272 272 272 15 15 15 15 15 15 80 80 80 80 80 80 80 80 80 80 80 173 173 173 173 173 173 173 173 99 99 99 99 99 99 99 99 99 99 99 99 99 99 99 99 99 245 245 245 245 245 245 245 239 239 239 239 239 239 239 239 239 239 239 239 239 57 57 57 57 57 57 57 57 57 57 27 27 27 27 27 27 27 27 27 74 74 74 74 74 74 74 74 74 74 74 74 275 275 275 275 275 275 275 275 275 275 275 166 166 166 166 166 166 166 166 166 191 191 191 191 191 191 191 191 34 34 34 34 65 65 65 65 65 65 65 65 65 280 280 280 280 280 280 280 280 280 280 280 280 280 280 280 280 280 10 10 10 10 10 10 10 10 10 50 50 50 50 50 50 50 50 50 50 50 50 50 50 50 101 101 101 101 101 101 101 101 101 101 101 101 101 297 297 297 297 297 297 297 297 297 297 297 297 297 285 285 285 285 285 285 285 285 213 213 213 213 213 213 213 213 213 213 213 213 213 213 21 21 21 21 21 21 21 21 21 21 21 21 250 250 250 250 250 250 250 250 250 149 149 149 149 149 149 78 78 78 78 78 78 78 78 78 78 152 152 152 152 152 152 152 152 152 152 214 214 214 214 214 214 214 214 214 214 214 141 141 141 251 251 251 251 251 251 251 251 251 251 251 251 14 14 14 14 14 14 14 14 14 14 19 19 19 19 19 19 19 19 19 19 19 19 19 19 19 19 19 19 19 82 82 82 82 82 82 82 82 82 82 82 67 67 67 67 67 67 67 67 67 67 136 136 136 136 136 136 136 110 110 110 110 110 110 110 110 110 110 110 110 229 229 229 229 229 229 229 137 137 137 137 137 137 137 137 137 137 137 137 137 192 192 192 192 192 192 192 192 192 192 108 108 108 108 108 108 108 108 108 108 108 108 26 26 26 26 26 26 26 26 26 26 26 26 26 26 26 26 26 26 26 26 26 26 26 88 88 88 88 88 88 88 88 88 158 158 158 158 158 158 158 158 158 158 158 158 158 144 144 144 144 144 144 144 144 144 144 144 29 29 29 29 29 29 29 29 29 29 29 29 29 29 29 98 98 98 98 98 98 98 98 98 98 98 98 98 98 295 295 295 295 295 295 295 295 295 295 295 295 295 142 142 142 142 142 142 142 142 142 142 142 117 117 117 117 117 117 117 117 238 238 238 238 238 249 249 249 249 249 249 249 249 249 249 249 249 249 249 249 294 294 294 294 294 294 294 49 49 49 49 49 49 49 49 49 121 121 121 121 121 121 121 121 121 121 94 94 94 94 94 94 94 94 94 94 94 24 24 24 24 24 24 24 24 24 24 62 62 62 62 62 62 62 62 62 62 267 267 267 267 267 267 267 267 267 267 267 165 165 165 165 165 165 165 165 291 291 291 291 291 291 291 31 31 31 31 31 31 31 31 31 219 219 219 219 219 219 219 219 219 219 219 219 299 299 299 299 299 299 299 299 299 299 299 299 299 299 299 284 284 284 284 284 284 284 284 284 284 236 236 236 236 236 236 236 236 236 236 77 77 77 77 77 77 77 77 77 170 170 170 170 170 170 170 170 170 199 199 199 199 199 199 134 134 134 134 134 134 134 134 134 290 290 290 290 290 290 290 290 290 290 151 151 151 151 151 151 151 151 151 
weights
0.00155669 -9.3166e-08 6.20089e-06 0.00579963 0.000753424 1.41436e-05 8.89272e-05 -0.126724 3.27005e-13 -2.32245e-12 3.39742e-07 1.62344e-07 2.32047e-16 0.0159068 2.23965e-10 0.000146487 0.000113407 0.0383263 7.80881e-06 0.000472109 -8.84156e-14 0.00106434 4.42167e-05 -2.24985e-07 7.59951e-06 -1.15277e-15 0.243837 0.00408825 2.02191e-05 -0.00327753 0.000532177 -0.06185 0.00253203 4.48083e-08 -0.00282072 -4.03863e-09 0.0111754 1.99647e-09 -0.0614884 -4.68553e-23 -0.00971081 1.80298e-07 0.00237905 0.0115809 2.94463e-18 2.76545e-08 2.41037e-06 -3.50723e-06 -7.83848e-06 0.00313588 0.0207714 0.00327701 -0.0077482 -0.00451304 -3.37631e-05 -2.93652e-07 2.78402e-06 -9.76108e-11 -3.36789e-09 3.33755e-06 -2.76993e-06 0.00732631 1.15587e-05 -4.36288e-14 -6.97664e-05 -3.25809e-07 -0.119094 -4.62266e-05 2.55147e-05 -0.0146996 0.00151053 -0.000135618 -4.1156e-06 7.36866e-05 2.35825e-10 0.00152222 0.0127423 1.02057e-07 2.94163e-06 0.0129639 2.49098e-08 0.0134725 0.00503247 -1.45253e-19 -2.44579e-06 0.028927 -6.02194e-16 1.87781e-07 0.0344059 -0.0195396 -8.71418e-07 -0.000105907 0.00147025 -0.0251166 9.67759e-07 -0.0201299 -0.00139149 6.58066e-07 0.027775 -5.17977e-06 -5.80846e-09 -1.50832e-06 -4.30304e-06 3.96639e-05 -2.56581e-05 -9.51336e-10 -0.0354503 0.00480388 2.8023e-14 -4.22109e-12 -0.0482593 3.66815e-09 -1.45835e-11 2.37412e-06 4.44054e-12 -2.59366e-07 -1.38748e-08 -5.73569e-05 -0.000208244 0.00236067 0.0309138 0.174574 2.45529e-06 -0.154495 0.0547794 8.48744e-15 -0.00265064 -6.10228e-10 0.0591421 2.73604e-09 8.3735e-06 -5.08429e-05 0.0227884 0.0686301 0.000423672 -0.00150856 0.00052431 2.22137e-05 0.00237344 -8.12438e-08 -0.147384 8.62232e-20 -9.6707e-05 7.32974e-06 0.0162318 0.00239724 1.54026e-05 1.11564e-06 1.40569e-05 8.60867e-16 -0.0902837 -0.000792636 0.00710636 8.63504e-07 1.51872e-07 -1.36386e-07 0.00137462 0.00390125 1.33544e-08 -1.21701e-06 -6.36762e-07 -3.05114e-05 8.53973e-10 -0.000673606 -0.00108464 9.97943e-07 9.60793e-11 0.00419186 2.03835e-06 0.000160254 1.86908e-05 -0.00228971 4.29366e-13 8.14255e-09 -5.655e-08 -0.0102957 7.70732e-05 6.11253e-05 -8.32911e-05 0.0381191 -4.08098e-06 -0.0765529 -0.048703 8.65001e-12 -7.65153e-05 1.0296e-06 0.0126183 -0.104339 -0.00018556 -0.000111567 -1.1721e-06 -0.0312772 -8.33215e-07 0.00104423 -0.0065535 0.00423991 -0.0441746 4.66038e-05 0.0516465 -0.0357371 8.69394e-09 0.00535048 -0.0354826 0.000251555 -3.50317e-07 -0.0343559 0.018609 -0.000980947 -8.45481e-06 0.000149315 -0.0128343 -2.57049e-06 0.0388696 -0.00415796 6.5926e-06 -9.58296e-05 5.31018e-09 0.00369578 0.135462 -1.96466e-13 -0.00216086 4.9684e-07 0.0352112 0.00376296 -0.0241029 -0.000530412 0.0213819 8.62017e-06 -5.38428e-05 0.0275964 0.0138714 0.130762 0.0507901 -0.000421324 -2.26384e-10 -5.0981e-06 -0.00068629 1.83294e-24 0.0417909 0.00762429 -5.77009e-09 -0.0425873 0.0470664 -2.4658e-09 -7.53724e-05 4.62668e-05 -6.13132e-09 -0.0381639 -0.00484519 -0.00118782 -7.14252e-05 -0.0217675 0.00401612 -2.85039e-06 -8.94982e-07 -0.114691 -4.99252e-06 -0.031937 0.00700274 -7.17624e-05 0.00515127 -9.67332e-09 -6.60559e-09 0.000242348 0.00140296 -6.07771e-05 -0.00538998 -2.90494e-05 -0.000669196 -0.00010165 4.94239e-06 0.01976 -0.000301642 -3.0801e-14 0.000565609 -0.00315844 0.000188807 -4.81084e-06 -0.0998352 0.122542 -1.11766e-06 -2.0779e-05 -0.00319154 -0.00122291 1.31351e-06 4.03208e-11 -0.00166979 -0.135011 -4.09841e-13 -0.000991162 0.000132842 -1.97203e-12 -2.99184e-06 1.38876e-05 -3.82349e-09 -4.48933e-07 -3.29589e-05 4.3714e-05 0.0147987 -0.000139031 -3.14318e-05 0.0462133 9.09511e-06 1.66233e-08 0.0262726 2.52371e-05 -5.11836e-05 -1.47343e-07 -2.221e-06 0.0267583 2.73255e-08 0.00547801 -0.000137825 -1.48007e-11 0.000447682 2.47174e-08 -3.39815e-15 -2.21374e-05 2.37335e-14 -0.0152527 -0.150294 1.47779e-09 -6.05866e-17 -0.0262367 5.99195e-05 -1.13968e-11 -2.37967e-07 0.00578773 -1.18355e-05 -0.00209559 0.000228436 0.000440299 -2.60987e-09 -2.03348e-05 -0.0019436 -0.016832 -0.000605836 0.000547058 -3.29739e-23 -5.24677e-08 -0.00111774 -1.14939e-07 0.0045008 2.64056e-07 -1.32359e-06 0.0411239 0.0524068 0.0011137 0.0181643 -5.16186e-05 4.63292e-08 -1.37158e-13 0.010898 -0.000103987 1.13165e-12 -6.55849e-09 -0.00111514 1.08119e-06 6.18268e-07 0.0392966 2.58682e-09 8.99692e-08 -3.86128e-05 -2.11142e-08 3.07768e-08 -4.05502e-09 -0.209726 -0.0513021 -1.6313e-08 0.00153564 7.68471e-09 -0.148792 -2.03404e-05 0.00254707 -2.49537e-07 -0.0187392 -2.06173e-09 0.029872 5.08802e-12 -5.118e-05 -0.00249986 4.16297e-09 -0.00588367 3.5587e-06 -4.13313e-05 -0.00612088 2.39414e-05 -6.14441e-05 -0.00621955 -0.00831992 5.65388e-06 -0.0206538 -2.74263e-05 -1.3733e-07 2.08172e-07 -4.15434e-07 -0.00272126 0.0113611 3.25811e-05 1.21737e-07 -8.35067e-14 -0.0535281 1.67493e-09 7.82851e-21 1.6846e-10 -4.64401e-06 -1.02697e-11 -5.87398e-09 1.1191e-06 6.31616e-07 0.0104767 5.11233e-18 -3.76536e-05 0.000209267 5.30816e-05 1.32615e-07 -4.60267e-11 1.03489e-13 -0.00529768 -0.000212804 1.19692e-14 -3.38282e-06 -3.71322e-07 -0.1435 -0.00383771 -6.73704e-05 -1.48129e-09 -5.31494e-07 0.0947323 -0.00269475 0.0797122 0.00390509 9.55237e-13 1.06555e-09 -0.0459359 0.00457068 3.90634e-07 0.000314382 -0.0161973 0.00180483 0.000250268 -0.000262589 0.00232422 1.40941e-06 -1.39849e-24 -2.17063e-06 0.010456 0.00176739 -0.0243931 0.000208588 0.00273324 4.28208e-10 8.12345e-07 -6.61712e-07 -6.34336e-05 0.000144963 0.00107146 0.00580782 -0.000653335 0.012588 -0.00063555 -0.0456329 0.0176807 -2.40974e-06 -1.20712e-06 -1.22292e-08 0.0744914 -0.00057198 -0.00090075 -0.0328248 0.0159477 0.000881407 3.09835e-08 1.59234e-07 0.0806831 0.000945275 -0.00595115 -0.000273477 5.89788e-06 -0.0540256 0.0589522 0.00197779 -6.99258e-11 -0.000217449 -1.23666e-11 0.00014652 2.07582e-07 -0.122558 0.0129005 -0.000181645 -1.93594e-10 -0.0736732 -6.31503e-09 -0.0361665 -2.03292e-05 0.0107544 0.073471 1.33087e-15 2.36391e-07 -2.48022e-09 -0.000113349 -0.00112146 1.19351e-12 0.0016442 0.00475901 -8.16907e-06 2.86634e-12 -4.07126e-08 -2.90252e-09 0.0015051 6.73158e-08 0.00455635 -0.0242975 0.0174954 -6.9826e-05 -7.49311e-07 5.1486e-08 -1.28295e-07 -0.000687574 -0.0614422 -0.00508201 6.10938e-10 -5.98253e-05 1.41792e-06 -0.000938085 -0.061107 0.00238742 -1.61533e-05 -0.00200772 1.67946e-05 -9.33743e-05 0.000738931 -3.05874e-17 5.41325e-08 -0.000238014 -3.9697e-06 -1.02692e-07 0.000169362 1.94715e-08 -7.2798e-07 -7.55795e-06 -0.00031017 -0.00543349 -0.0138388 0.00196005 -0.191385 0.00501981 0.0531935 -0.000133056 3.12905e-05 -5.74696e-06 -1.59696e-21 0.000156377 -4.88442e-12 0.0276322 5.82381e-06 1.32017e-06 -0.00175831 7.0681e-08 0.0054271 -0.0144092 -0.000143 -9.5203e-06 3.23664e-06 0.00400067 8.17978e-10 -2.57778e-06 -0.00344011 -2.28803e-12 -0.0774412 5.03708e-07 7.06739e-07 -0.0552698 -2.23487e-06 -0.028723 0.122848 0.0028537 1.08697e-08 3.92393e-13 -1.01281e-11 -7.7045e-28 -6.27265e-06 -0.00581894 0.0508318 1.13636e-10 -5.80081e-07 -0.0259385 0.163918 -1.92294e-05 -0.0143803 -0.0179364 -0.000103295 -8.74402e-07 0.0149796 -0.0320043 9.63649e-05 -0.00346508 0.000480948 -0.000750045 0.00374002 0.109763 0.000250022 -1.16647e-07 -0.090387 -0.000454544 -0.00112825 8.37294e-06 -3.06071e-21 0.0677893 -0.00724627 -0.00139104 3.51794e-05 -0.000128963 -5.01634e-06 0.0301623 0.00729726 -0.00088359 2.18676e-10 1.95819e-07 0.000232927 -0.0017508 -0.00185599 3.4075e-10 0.0233505 -0.0205913 -5.74704e-06 0.000174413 1.98168e-09 -1.61686e-06 -0.000265783 -0.00305056 2.79855e-05 1.93614e-11 3.56467e-05 0.000118111 -1.17521e-09 -0.0122035 4.2366e-05 0.000209299 0.00870617 -0.00169531 0.045802 -0.000195929 -0.0631291 -2.57502e-11 -0.0269346 0.00453866 6.51072e-06 -5.81613e-05 -0.00263289 -3.79118e-05 -0.00398085 7.80778e-06 0.000387106 4.68744e-05 0.00242543 5.62857e-09 -6.13475e-07 -0.00667597 7.6127e-06 0.052799 0.0130663 -0.000162723 -0.00288968 -0.00169575 0.000635922 0.00146944 -6.76626e-08 0.0536128 -3.86303e-06 -5.59826e-10 0.0389324 -1.37353e-09 -2.58416e-12 2.82428e-07 -0.0244329 5.98752e-07 -2.65696e-07 -0.000849255 0.00162388 0.000100513 0.0366815 -2.48934e-10 0.223162 -1.24767e-08 -8.59889e-09 -0.000102676 -0.139332 0.0635854 -0.00445011 -2.94771e-05 -1.04373e-16 -0.0118419 -0.0042497 1.82595e-05 0.0322115 1.19615e-06 -0.00197186 5.03251e-08 0.0665524 0.00408034 -0.0829712 0.125219 -0.000111151 9.8211e-06 -1.79555e-13 0.00391883 -1.38829e-05 -2.36801e-05 -2.39278e-09 0.0190485 -5.60936e-06 -0.0489557 -0.0402727 -7.06676e-06 1.58344e-15 6.04305e-12 1.94606e-06 0.000296907 0.0785951 -2.44648e-13 0.00057629 -0.0408476 -3.02293e-09 -0.016785 -0.00121452 2.76579e-07 0.00152365 5.55417e-09 0.0321548 -0.000955877 -0.0333625 -0.0207581 -0.000144779 -6.3229e-07 -0.000506043 -1.3837e-11 -0.0661583 8.98572e-14 2.34324e-08 5.88749e-05 0.279792 0.00225187 -0.050664 0.000304105 -0.0161247 7.72664e-12 -6.82711e-09 1.73007e-05 -9.64092e-09 -1.46081e-06 0.0219212 -0.00713975 6.31393e-06 -1.40434e-05 -0.00117088 0.00560195 0.0035437 -3.29779e-07 0.000472542 -0.020731 -7.52277e-18 0.00404868 -0.000297297 -1.45079e-06 5.37556e-08 1.89998e-08 0.026222 -3.55903e-05 3.8934e-09 -1.43133e-10 -5.73523e-05 5.19045e-08 0.012449 -9.66286e-11 -4.37594e-06 -1.68005e-09 -0.0476411 -1.8137e-09 0.00322909 -0.000209928 -0.000299587 0.00043908 -6.56749e-08 0.000854236 -0.000136352 -0.00309336 -7.81198e-10 8.80074e-06 4.33666e-09 -0.0507949 -2.17127e-05 -8.85193e-08 2.1493e-05 0.00192374 0.104755 0.00442962 0.00257186 2.872e-14 2.50485e-17 2.19121e-05 -4.23147e-07 7.81466e-07 5.45023e-15 0.0974004 -2.27385e-08 0.00949608 0.000852405 0.000889191 7.20899e-14 1.15021e-06 -0.0811933 0.00109691 -0.0468063 -0.0172947 -0.00385693 0.0203165 -0.00191378 -0.000119902 -0.0754052 0.0170099 -0.000268953 -0.00643013 -0.011063 0.00431195 1.30625e-05 -0.00566257 -0.00370611 -0.000720348 0.0167521 0.000186114 4.39729e-05 -0.0469918 -2.4105e-07 3.22772e-15 7.77012e-07 1.28374e-05 4.39285e-05 0.00960406 4.57039e-11 -0.00384729 0.000866455 6.40661e-07 3.79709e-10 -9.55813e-11 2.29829e-06 0.000438535 -0.000844844 1.07594e-07 3.78686e-07 0.000117255 -0.00131817 -0.00832727 0.0775697 1.28216e-06 7.57746e-07 0.000347413 0.00226342 -0.00115601 0.0221925 0.0125749 3.17607e-09 -0.0116019 0.00969455 0.0147787 0.00184237 -0.0032956 3.36237e-05 -1.10602e-06 -0.0651665 -0.00108736 0.00371682 8.61697e-10 1.22809e-06 -0.000123855 2.60503e-10 -0.00198655 -1.07167e-05 -0.0368735 -0.0157763 1.52584e-05 1.23112e-05 -2.71214e-05 5.03907e-09 -1.69667e-12 0.00259729 1.8564e-05 -0.000301421 -0.0016503 -8.09547e-07 -3.98833e-05 0.00106284 -2.80816e-10 -0.00033465 -0.0327487 2.21584e-13 0.0162449 -1.27554e-08 -0.000118258 -0.0743881 0.0520747 -0.0239748 3.26179e-18 0.000397904 -2.28507e-11 -0.00932227 0.0921967 -4.33814e-11 -3.12375e-06 -6.6699e-07 -0.00836875 -1.10314e-11 -0.00238533 8.06709e-05 -0.00187065 -0.000242222 4.82176e-05 -1.14346e-05 -0.000624007 -1.09155e-08 0.0366452 2.42886e-11 -2.35742e-07 9.23282e-12 -0.00718681 0.0482569 0.000220438 7.22912e-08 -1.42019e-08 1.33924e-05 -2.25202e-05 -8.45662e-10 -0.000698213 -1.8425e-05 0.000108866 0.000645337 -0.00459112 0.00157671 -0.00211757 5.4933e-05 0.000124847 3.0617e-07 1.85673e-05 -0.0233132 -3.08079e-06 -1.29719e-07 0.000147899 0.0238976 0.00779834 -1.25248e-05 0.00410622 -2.88795e-07 -1.98743e-05 -0.000113639 -0.0205641 0.010574 -4.11504e-06 0.0287299 0.0075018 5.96471e-06 -0.00132311 0.0619874 6.08303e-17 0.00154659 -0.00417255 3.26825e-07 0.0101015 -0.02536 -0.00152898 -7.84155e-08 -3.47833e-12 8.98322e-08 -0.0244763 -0.031516 1.92436e-07 0.000411884 -0.0037111 -0.0240816 9.04134e-08 7.87713e-05 0.00798318 -1.58711e-09 4.9196e-09 1.79049e-05 -0.0478212 0.0300097 -0.109392 1.98226e-05 -8.47349e-05 0.00281229 1.2685e-16 -5.74894e-05 -0.0141501 -5.64007e-05 -0.00322223 2.30427e-18 -0.0112087 0.0105306 -0.0111739 -1.51567e-05 

network 2 1000
edges0
147 147 96 147 96 255 259 255 147 96 96 255 259 89 147 167 147 96 259 255 89 32 255 147 167 259 89 96 259 89 96 147 32 255 243 96 25 32 243 259 255 147 89 147 32 25 96 243 263 167 255 259 89 167 259 243 25 175 96 263 89 32 255 147 89 175 255 167 259 32 220 263 25 96 255 167 89 25 220 243 263 32 72 175 147 96 259 32 259 255 167 147 72 263 220 25 89 96 85 259 22 32 175 147 243 167 89 25 255 72 263 220 263 175 75 85 89 259 243 220 96 255 147 175 263 22 25 89 263 259 243 16 75 25 167 85 22 89 175 255 220 89 167 25 22 255 127 85 75 259 32 85 243 167 72 96 75 25 147 175 16 22 167 274 85 220 147 32 22 75 89 255 127 96 274 147 75 259 263 72 96 243 89 22 259 274 147 127 220 72 96 75 16 32 54 167 89 220 85 75 298 22 147 175 255 263 127 218 22 274 255 32 96 186 298 263 85 75 16 255 89 93 32 25 186 220 263 16 218 89 175 259 96 220 147 167 218 22 263 263 25 147 259 220 16 237 22 54 255 167 89 218 85 127 175 22 255 186 89 167 32 259 218 147 72 68 298 263 222 54 147 127 186 89 220 93 85 70 85 93 75 89 54 263 25 259 167 85 186 220 263 22 70 89 175 274 243 218 96 75 22 263 89 256 268 218 25 220 96 175 32 75 68 89 186 259 266 127 25 96 218 147 259 85 175 237 16 89 243 75 72 268 220 255 85 246 6 256 266 220 54 259 89 298 25 32 75 268 218 22 147 237 257 89 205 68 167 259 25 268 75 218 167 257 175 147 72 243 268 89 164 96 85 54 167 75 6 147 263 22 72 96 54 259 298 237 75 263 70 256 25 22 220 89 255 85 268 129 181 167 93 75 259 16 89 6 96 176 263 224 75 186 111 147 70 274 220 257 246 243 32 6 22 189 89 75 256 205 255 266 243 111 193 70 127 246 237 89 259 218 25 22 147 175 127 218 274 16 237 72 224 75 186 175 257 85 237 89 147 218 218 243 127 298 167 70 147 85 263 246 255 243 257 176 167 220 222 147 193 96 218 89 256 243 175 181 212 75 16 243 218 13 257 147 212 54 246 89 241 243 93 32 85 72 298 263 205 25 157 175 212 13 175 298 218 6 32 246 72 257 60 85 259 70 22 147 186 189 96 13 6 186 212 79 39 193 255 274 288 6 175 176 266 72 263 89 35 246 93 288 25 266 243 289 220 22 6 243 193 22 175 220 175 222 70 129 298 68 241 22 111 255 223 6 289 288 6 243 5 257 289 246 259 218 72 22 32 266 263 25 220 79 268 167 257 181 274 246 164 255 106 167 147 289 75 220 16 212 32 96 243 89 20 72 186 85 175 22 259 5 186 189 289 22 25 93 85 255 147 266 243 75 193 257 268 54 129 89 25 220 263 35 129 13 85 172 36 79 5 6 246 147 111 181 205 243 127 106 298 237 5 32 89 39 75 6 129 175 298 259 237 25 255 16 263 288 75 89 96 222 203 111 274 257 255 85 186 96 259 218 89 22 193 175 257 147 255 176 288 289 222 175 263 6 186 28 89 5 168 257 35 212 72 256 25 181 75 79 256 96 16 257 13 89 218 32 259 5 28 246 163 274 268 127 72 36 35 106 22 75 157 85 164 39 193 93 218 127 220 246 224 288 85 237 32 140 127 217 69 175 54 218 181 89 70 16 122 277 60 176 186 70 164 72 224 246 111 81 60 6 32 20 96 189 255 79 76 89 243 257 93 25 175 157 181 186 243 263 72 6 243 22 42 263 72 258 288 68 39 259 218 89 181 266 109 263 76 205 106 147 181 25 163 76 255 75 89 220 13 175 75 76 16 35 243 163 25 241 6 75 36 79 263 255 106 243 155 257 42 263 69 96 75 218 266 203 147 205 28 89 163 176 259 218 274 268 289 167 122 186 270 258 237 257 175 195 20 274 89 167 220 111 28 25 122 263 186 193 96 175 33 122 277 189 6 222 140 237 243 263 205 172 6 147 241 32 75 96 255 75 93 257 237 274 16 175 264 237 6 244 197 266 96 289 230 85 20 89 89 75 54 96 70 109 32 28 189 220 36 255 268 203 32 230 257 266 22 6 288 54 240 72 35 193 230 259 224 288 217 223 174 258 5 75 266 264 70 89 186 25 16 218 109 268 175 256 145 28 298 174 263 266 180 243 13 189 172 163 85 289 25 96 186 76 69 70 266 127 147 93 
edges1
96 255 255 259 259 259 89 89 89 89 167 167 167 167 167 32 32 32 32 32 32 243 243 243 243 243 243 243 25 25 25 25 25 25 25 263 263 263 263 263 263 263 263 175 175 175 175 175 175 175 175 175 175 220 220 220 220 220 220 220 220 220 220 220 72 72 72 72 72 72 72 72 72 72 85 85 85 85 85 85 85 85 85 85 85 85 85 22 22 22 22 22 22 22 22 22 22 75 75 75 75 75 75 75 75 75 75 75 75 75 75 75 93 93 93 93 93 93 16 16 16 16 16 16 16 16 16 16 127 127 127 127 127 127 127 127 127 127 127 127 298 298 298 298 298 298 298 298 298 274 274 274 274 274 274 274 274 274 274 274 274 274 54 54 54 54 54 54 54 54 54 54 54 54 222 222 222 222 222 222 222 68 68 186 186 186 186 186 186 186 186 186 186 186 218 218 218 218 218 218 218 218 218 218 218 218 237 237 237 237 237 237 237 237 237 237 237 237 237 70 70 70 70 70 70 70 70 70 70 256 256 256 256 256 256 256 256 256 256 257 257 257 257 257 257 257 257 257 257 257 257 257 257 257 257 205 205 205 205 205 205 205 205 205 205 205 205 266 266 266 266 266 266 266 266 266 266 266 111 111 111 111 111 111 111 111 268 268 268 268 268 268 268 268 268 268 268 268 268 246 246 246 246 246 246 246 246 246 189 189 189 189 189 189 189 189 189 189 189 6 6 6 6 6 6 6 6 6 6 6 6 6 6 6 164 164 164 164 164 164 164 164 164 164 176 176 176 176 176 176 176 176 176 176 176 176 176 176 13 13 13 13 13 13 13 13 129 129 129 129 129 129 129 129 129 129 129 129 129 129 181 181 181 181 181 181 181 181 181 224 224 224 224 224 224 224 224 224 224 224 224 224 224 224 157 157 157 157 157 157 157 157 157 157 193 193 193 193 193 193 193 193 193 193 193 193 193 39 39 39 39 203 203 203 203 203 203 203 203 203 203 60 60 60 60 60 60 60 60 60 60 79 79 79 79 79 79 79 79 79 35 35 35 35 35 35 35 35 212 212 212 212 212 212 212 212 212 212 212 241 241 241 241 241 241 241 241 241 241 254 254 254 254 254 254 254 254 36 36 36 36 36 36 36 288 288 288 288 288 288 288 288 289 289 289 289 289 289 289 289 289 289 289 289 289 289 289 258 258 258 258 258 258 258 258 5 5 5 5 5 5 5 5 5 106 106 106 106 106 106 106 106 106 106 106 106 223 223 223 223 223 223 28 28 28 28 28 28 28 28 28 28 28 28 28 20 20 20 20 20 20 20 83 83 83 83 83 83 83 83 83 172 172 172 172 172 172 172 172 172 172 168 168 168 168 168 168 168 168 168 168 168 168 168 168 283 283 283 283 283 283 283 283 76 76 76 76 76 76 76 76 76 76 76 76 76 76 76 277 277 277 277 277 277 277 277 277 277 277 277 140 140 140 140 140 140 140 140 140 140 140 140 155 155 155 155 155 155 155 155 155 155 270 270 270 270 270 270 270 270 270 270 81 81 81 81 81 163 163 163 163 163 163 163 163 163 163 163 163 163 69 69 69 69 69 69 69 69 69 69 69 69 69 69 122 122 122 122 122 122 122 122 122 122 122 122 122 122 122 122 122 264 264 264 264 264 264 264 264 264 264 264 264 264 264 264 217 217 217 217 217 217 195 195 195 195 195 195 195 195 195 195 195 195 292 292 292 292 292 292 292 0 0 0 0 0 0 42 42 42 42 42 42 42 42 42 42 42 42 42 42 42 42 42 109 109 109 109 109 109 18 18 18 18 18 18 18 18 197 197 197 197 197 197 197 197 197 33 33 33 33 33 33 33 33 33 33 33 33 58 58 58 58 58 58 58 58 95 95 95 95 95 95 95 95 95 180 180 180 180 180 180 180 180 180 180 180 248 248 248 248 248 248 248 248 248 248 248 248 248 248 248 248 230 230 230 230 230 230 230 230 230 230 230 230 230 230 174 174 174 174 174 174 174 174 174 244 244 244 244 244 244 244 244 244 244 244 244 240 240 240 240 240 240 240 240 240 145 145 145 145 145 145 145 145 145 145 145 114 114 114 114 114 114 114 114 114 114 123 123 123 123 123 123 123 123 123 123 123 123 123 194 194 194 194 194 194 194 194 194 194 194 194 194 194 177 177 177 177 177 177 177 177 177 177 177 177 252 252 252 252 252 252 252 252 252 252 252 252 7 7 7 7 7 7 7 7 7 7 7 
weights
-3.92901e-09 0.0666063 2.5623e-09 0.019274 0.00566872 -0.000971968 -0.00059164 1.15672e-09 8.16752e-05 7.1109e-09 -0.024595 -0.0168539 -0.120818 -0.00475921 -0.000122689 1.35849e-08 3.16334e-09 -0.0758453 -2.05057e-05 -3.13328e-06 0.0257011 -0.0151142 -0.0344461 -6.5639e-05 1.73385e-08 0.000104543 -7.95979e-16 3.16316e-05 -0.00247 2.64247e-05 0.00379078 -0.0494796 -6.51157e-06 2.50811e-05 0.00280325 2.69905e-17 3.87556e-14 4.0987e-07 0.00699093 0.00118154 1.22004e-07 0.00212477 -1.4297e-05 0.00047711 -0.064325 -0.209335 4.80715e-07 -0.000305322 1.43136e-05 3.35713e-07 0.0701899 0.0031751 2.38204e-05 -4.47723e-07 -9.95468e-23 -0.000110628 -2.62022e-05 -0.00108576 2.21465e-05 8.48554e-13 9.07178e-10 -0.000737127 -0.048627 -1.94707e-23 5.73478e-10 2.19714e-05 -0.143268 -1.76431e-07 -1.19766e-09 -7.31089e-15 -2.26105e-07 -0.0167614 2.00967e-11 1.91282e-05 -0.000378569 -0.000153627 1.03219e-13 4.20597e-09 0.00184141 -1.86636e-10 -0.00812577 4.54058e-12 0.12373 1.92891e-05 0.0270825 0.00237511 -0.0371226 4.17138e-07 -0.0015752 9.49207e-06 -1.30516e-05 -1.09713e-07 0.0131737 0.000163512 0.00476095 -3.40858e-06 4.32369e-06 -0.0135598 -2.78567e-06 -0.059978 -5.89127e-07 -1.53167e-05 0.000148286 -7.47101e-11 8.7257e-05 -0.00355602 -0.0690057 0.0251057 -1.0196e-10 -0.0289611 -1.86131e-05 -5.48231e-10 -6.42956e-06 -2.65876e-24 -5.28482e-07 0.029132 -1.56416e-07 4.62016e-05 -0.000282674 -0.0307626 0.0615824 -7.86687e-07 3.91354e-07 -2.75218e-07 2.68077e-10 -0.000687368 4.23111e-05 -2.02305e-05 0.0146844 -0.00193586 -0.000188254 0.0583175 -0.000374378 1.13158e-10 -0.0015746 -0.0358442 -0.000444384 -0.00190625 -0.0892568 -0.00148589 -4.47286e-07 -1.21337e-12 0.0184871 4.79881e-22 -1.01714e-11 0.0202968 -2.3299e-13 -0.017009 5.36696e-06 3.00596e-11 -1.53337e-13 -7.51101e-07 -6.3097e-10 -1.91211e-24 -0.0059103 -0.000419738 -0.00076267 -0.0488575 -0.000270389 -5.90387e-05 2.09345e-06 -5.56021e-09 -0.000192823 -0.000384794 1.2618e-06 5.02194e-10 -0.000842317 -0.0106952 -0.00033538 -1.15773e-10 -9.67332e-06 -0.0363117 1.1528e-05 -0.0428535 -0.0255395 -4.73884e-10 7.36167e-11 -0.00199623 -0.0165218 -0.00164839 0.00187372 0.0274433 6.38445e-05 -1.6303e-32 0.0645861 -3.75506e-07 0.0751362 -0.023667 5.27623e-15 3.22778e-06 0.00132431 -0.0154857 1.00652e-05 2.32551e-05 1.65271e-21 0.0202087 8.70935e-06 -2.52994e-05 1.90633e-07 1.4727e-06 9.69288e-09 0.0465628 2.56582e-06 -2.12929e-07 -1.99054e-07 -0.0136251 -0.00388934 -0.0159649 2.17725e-06 6.56581e-16 0.000767069 0.00727241 0.000110545 -5.77299e-10 -0.00098216 -2.28327e-07 3.96843e-08 -0.000911943 0.001513 5.32581e-12 -0.00025479 1.27916e-09 7.67132e-09 -0.000115794 0.0046695 0.000417014 -2.78471e-08 -0.0274664 0.0101873 4.27592e-09 0.00578068 -0.000190477 -0.00186343 4.24946e-07 0.0132348 -0.00288873 -6.83182e-07 -0.0124331 -0.00698585 0.000470809 -2.32189e-05 0.000561086 -2.11891e-08 -0.0515801 -0.0280663 -0.000203926 5.18825e-07 0.000804445 0.0840272 0.0331046 2.55761e-05 -0.00345204 5.65267e-06 -0.0695685 0.0185584 0.0836211 1.70997e-13 -0.00706484 0.221587 -0.0432146 0.00175356 1.69243e-08 -4.0238e-09 -3.4591e-09 1.5656e-06 0.0474076 -2.95586e-05 5.8217e-06 0.00252132 -7.92214e-11 -0.000236757 6.66227e-05 1.58809e-06 1.64778e-09 6.84493e-06 0.0338039 -0.00142264 0.114167 -0.00238336 -2.15661e-06 6.29364e-16 1.10686e-08 0.000168465 -0.0374448 -0.0251193 -0.000479456 0.00312861 -2.20244e-05 8.65664e-10 9.88942e-07 -0.0224399 8.15377e-14 -3.952e-16 1.34389e-05 -1.15668e-05 -1.68888e-05 5.07929e-06 -1.66343e-06 -7.96932e-05 -0.000457324 0.169428 0.240135 0.00051452 -9.19067e-08 4.17326e-06 -0.00592788 -3.45302e-13 5.22537e-07 -0.000430949 -0.0507451 -6.48798e-07 -2.45858e-10 -1.60733e-05 2.53067e-10 2.04306e-12 -7.88385e-07 -1.16674e-05 -4.60764e-05 -2.33873e-14 0.000214947 -3.10402e-06 -0.000846154 -0.0252335 2.56699e-06 3.17692e-08 -6.32793e-06 2.31146e-12 1.73866e-05 1.40403e-05 0.00188554 3.52652e-25 0.000853158 1.0472e-06 1.58562e-07 1.63082e-13 1.5007e-08 -0.0306035 -1.46605e-08 -1.30435e-08 3.49584e-11 3.34588e-16 -3.19236e-10 -0.113136 0.000241864 -0.00184919 8.05587e-07 0.00120318 -0.0189013 -0.00502009 0.000270045 0.000181362 -0.00545889 1.97364e-06 -0.0056559 -0.0834365 1.19577e-08 2.04382e-10 0.00451785 0.0178889 4.55306e-06 -1.63872e-10 -0.0128563 1.63342e-14 -1.75438e-05 0.00274026 -2.25882e-10 -7.54334e-07 7.6176e-10 7.0119e-12 -0.0196368 -9.04742e-12 0.00271832 6.88589e-07 -5.16695e-05 -4.99231e-10 -2.37001e-05 0.0076542 1.0181e-10 0.000798849 -5.38276e-09 -0.0146066 -8.1136e-05 -7.57482e-08 -0.0343778 -1.49695e-06 -4.80389e-05 -0.00847242 0.0104636 -0.00433792 0.0530223 0.0037149 -0.000535639 -0.000499114 4.62499e-07 0.000513106 -2.14925e-05 -1.53858e-08 1.26054e-09 3.87345e-08 3.75463e-05 0.167826 3.65693e-17 -9.16841e-07 0.000660788 0.00555657 -1.11332e-06 -4.88839e-05 -0.000119769 -0.000397706 -0.000107075 -1.23894e-14 1.42809e-15 -1.90404e-13 0.00229104 0.0553654 1.0235e-20 -2.31488e-05 5.92759e-09 2.66738e-06 0.00425745 0.000801059 7.41875e-09 0.00113631 -0.00168556 0.0477521 4.09287e-10 -0.000163131 -7.56102e-07 2.84873e-06 -0.00238126 2.91475e-05 -1.2178e-05 0.080502 -1.41737e-12 7.69394e-06 -1.37697e-06 3.25216e-05 -0.185301 -0.000832819 -2.11792e-09 -5.72337e-05 -0.00784205 -0.000531241 -0.00529394 -1.26002e-05 2.00736e-05 1.2098e-06 -0.214388 -8.52724e-08 1.60833e-05 0.0926694 -0.000282898 -4.42536e-06 -5.22173e-05 -0.00134716 2.91309e-14 0.018423 -0.000966202 3.31393e-06 -0.000312328 0.00012696 1.0184e-15 3.70201e-06 8.65478e-05 4.799e-05 -2.59625e-12 1.42844e-19 -0.000333861 -1.39951e-10 -1.38383e-08 -0.00973031 -0.00385144 -5.02678e-10 -9.91521e-13 2.46228e-12 -1.67545e-13 -0.0439233 7.38941e-08 3.60373e-05 -7.34928e-13 -0.00103685 -7.01832e-05 -0.0162232 -0.000112781 1.52613e-16 -0.0927739 1.3885e-05 -1.04499e-08 7.03286e-05 -1.00605e-06 5.37775e-05 3.63726e-08 -0.00517256 -0.00102153 2.3125e-07 0.0199065 -9.81261e-09 -4.32338e-06 -0.00128253 -0.00164998 0.0234061 -0.0121547 -2.64931e-08 -4.99132e-05 1.64752e-05 0.000144597 0.000133675 -0.021266 -0.00684873 0.00227363 -1.99952e-05 0.0157727 -0.0578207 -0.00016327 -0.00366462 0.0636398 0.00137381 -0.0290836 1.04218e-15 0.0724637 0.0825857 1.00936e-12 -0.00871731 0.000167002 -3.68629e-11 -1.89894e-06 2.72096e-16 -0.0306535 4.26826e-08 1.26077e-10 0.0389 -1.04368e-16 -0.0116947 -0.0067301 -0.00342486 3.43972e-06 -0.000407028 -2.53845e-05 -0.11055 0.00482605 -2.55371e-12 -0.000604676 2.90626e-08 0.00680092 -0.0313246 0.000373966 1.98116e-06 -1.48383e-05 -5.27562e-11 0.0130404 -0.00464392 -0.00121196 1.09352e-05 3.48102e-08 0.0188382 -0.000967465 -4.5582e-12 0.000261946 1.40361e-15 2.17096e-05 1.74194e-09 0.00451284 -0.000921102 -6.87572e-09 0.0176648 0.000660891 -4.59989e-16 0.00144764 -3.24791e-05 -5.73973e-26 2.83412e-08 -7.48746e-09 -0.0143 7.2781e-20 1.13696e-10 7.42448e-07 -1.87835e-07 0.00221198 5.11176e-05 -0.00541945 -0.00602139 -0.0351757 -0.0210507 0.00655268 -0.00145352 1.19775e-11 -0.000200952 2.94351e-06 -4.30725e-07 -2.01161e-05 -1.79155e-08 -0.00202207 -4.91409e-06 3.47133e-15 -0.0371389 -3.62953e-08 1.79918e-05 0.00234592 0.000665288 2.10853e-05 0.0370481 4.07094e-06 0.00532363 0.0152947 1.58811e-06 0.0149441 0.000971734 -0.00114003 0.0229248 0.000261409 -4.91137e-05 -0.0019217 0.0144956 4.07002e-07 -0.0315304 0.010147 7.14954e-07 0.000133929 -0.00028286 -0.000171264 0.00770658 0.0026816 -0.00401911 -0.000450405 1.33164e-10 3.41881e-09 -0.0555187 0.0551253 -9.37022e-05 -6.92537e-08 -0.00238755 -0.00190087 1.14164e-13 -7.85451e-10 7.7194e-08 3.83128e-05 2.32905e-12 -5.73442e-06 -7.66954e-07 2.07756e-05 -0.00597032 -0.000124205 -2.90112e-10 0.0396483 0.0561873 -0.00538167 -1.63254e-12 0.00028076 -1.47766e-06 5.80841e-15 -0.0100186 3.85585e-05 -2.15794e-08 1.64786e-09 1.0753e-07 0.00990768 -0.106854 -0.0214642 -0.0561967 -0.00117139 2.01586e-15 0.000156114 -0.0346718 5.04952e-08 0.000796639 0.0115194 -1.89156e-06 0.00716764 1.36072e-08 -0.0126373 -0.0087278 0.0187659 0.00162263 2.42664e-11 -7.43009e-08 -0.000252687 2.34985e-05 -0.00356492 -1.64509e-07 -4.08374e-06 0.115166 -2.31018e-05 2.95262e-08 1.51943e-10 -1.64448e-08 0.00141137 0.000348928 -0.000163748 -0.00245431 -5.36426e-05 -0.0060248 -1.29432e-07 2.61869e-07 -8.97406e-05 -0.000346911 0.0120849 -0.0741989 5.39341e-05 0.00126353 0.0487769 4.7569e-09 -0.000314527 -5.29837e-07 1.1988e-05 -0.033481 -0.00103129 -0.000316742 2.02946e-05 -4.55754e-06 -0.00824676 -0.0132399 2.22598e-05 -0.020991 0.000483886 -4.43435e-05 -4.90622e-07 0.0133373 1.26145e-08 -0.00656438 0.0346348 -3.70934e-05 2.86499e-08 -1.10985e-05 -0.00174835 -7.91208e-08 7.10684e-06 -5.89353e-05 6.35193e-06 -3.61413e-09 5.0845e-05 -2.64805e-07 -8.77829e-16 0.0035345 -0.005741 0.00843562 0.00808949 1.2037e-06 -0.0002611 -0.000276117 -0.012324 -0.0106611 -0.0169407 -0.0113872 -2.75017e-06 -0.0181052 3.76228e-08 -5.54602e-14 0.152596 0.000273457 5.92059e-19 0.00244084 3.63851e-06 -9.44201e-05 3.74082e-08 0.0473547 1.87272e-10 -1.21656e-09 0.00544613 -0.0907183 -1.11195e-10 -0.0211706 3.19863e-05 0.00346976 9.70112e-15 -0.0626604 0.00156447 0.0481974 0.00673869 -2.12199e-06 -0.0345191 1.23063e-07 -7.88663e-05 0.00544112 1.3181e-08 -0.00141537 5.62097e-05 0.141341 9.27728e-05 1.60951e-06 0.000895927 5.67949e-07 -0.000138056 0.0105604 0.0253451 -9.62718e-12 0.00140164 8.12777e-05 0.0126917 0.000518078 6.57025e-06 1.00314e-13 3.88601e-06 -0.00312849 0.0726259 2.50052e-06 0.0284422 2.18592e-06 -0.000935691 -1.39098e-06 1.28134e-07 0.00163647 3.67755e-10 0.0486872 0.230406 0.0118403 -0.05432 -4.94421e-19 6.19228e-06 -1.82159e-07 0.0012893 1.6179e-06 0.00684611 0.00059678 -0.00691777 -1.87555e-08 -7.7614e-14 -0.0200716 -4.69486e-15 8.63567e-05 0.0172441 -0.0289886 0.00525522 0.00181819 -4.20137e-07 0.000584424 0.000754685 0.03623 -0.0195635 -1.7139e-06 -0.0606783 -3.23284e-09 -0.00132797 -2.74184e-09 0.00267167 -2.64335e-16 5.36023e-05 0.000899189 -1.60607e-08 -0.00119765 -2.34139e-10 -0.0043583 0.00953164 -1.85125e-05 2.67444e-06 -0.000773298 0.00042567 -0.00662276 -1.39564e-05 -1.79232e-16 -0.000608501 -9.78243e-07 -5.4125e-08 1.2351e-10 -0.00679527 -0.00654475 1.4662e-09 2.15864e-06 -0.00251484 0.0193045 -0.00650509 7.75984e-07 0.000456133 1.12524e-10 0.00996136 -0.000144573 -1.23141e-05 -6.0283e-06 -0.00245298 0.00235936 1.07412e-05 9.21364e-05 -0.115984 -1.93615e-08 6.88444e-05 0.000414455 1.05909e-05 -0.0119585 -0.000813214 -9.43308e-11 -6.27176e-06 3.87911e-06 -3.46791e-11 0.000215933 0.00907347 -0.318523 2.70928e-14 -2.12845e-08 1.90936e-05 -0.03402 0.00316231 4.16435e-05 -1.33083e-18 -0.0112478 -8.16326e-08 0.000179537 -1.83513e-10 -0.0333247 -0.0337281 7.86641e-08 0.000231342 -1.39219e-07 -6.05047e-09 -4.96445e-10 -4.08791e-05 0.0441098 0.00391106 -0.00471406 -0.0107186 -0.0268623 0.0130798 -0.0202805 0.000579576 4.57107e-05 3.84017e-08 -0.00456176 -5.38326e-05 6.51931e-15 -1.96772e-05 -0.000520751 -0.0012095 0.000180823 -1.61391e-09 3.16654e-06 1.03606e-07 0.0179293 0.0585704 -1.30215e-17 -9.10661e-10 0.0800798 -5.73294e-05 0.000692257 0.000181753 0.00103754 0.00107097 1.47118e-05 0.123719 -1.09742e-07 -0.000126149 4.72868e-06 -3.43753e-06 2.3886e-07 0.025005 -0.00147138 -0.000425216 7.40898e-06 -0.0810395 0.0030535 4.2793e-09 -3.43358e-11 0.0041415 0.000439903 5.34565e-05 -3.94851e-09 -5.78459e-07 5.92499e-16 -0.00228054 1.34555e-08 0.0116764 1.31906e-06 0.00676485 -0.000198538 -2.60917e-06 1.95052e-06 0.11393 7.58958e-08 -8.3494e-06 0.0472652 -2.52716e-06 -0.000832539 5.88658e-13 -0.000355971 -0.0225668 7.04076e-05 1.05937e-13 -0.00108946 -8.78909e-07 -6.19912e-06 1.33471e-06 0.000389583 -3.96565e-14 0.0172345 -0.00159878 0.0760266 -0.00610565 9.17015e-06 2.81065e-08 0.00445541 3.42946e-10 -2.31094e-05 -0.0505847 -0.183194 -0.0204769 -0.00609287 -0.0338377 3.48667e-06 1.68362e-12 -0.00302058 0.00225903 0.00890738 0.152893 
