Parameters used to generate the architecture:
rdynamics 1
capacity 1
replenish 2375
inflow 400
outflow 100
hsymmetry 0
ecosel 1.4
dispersal 0.01
birth 1
survival 0.8
sexsel 10
matingcost 0.01
ecoscale 5
demesizes 100 0 
nvertices 100 100 100 
nedges 1000 1000 1000 
nchrom 3
mutation 0.0001
recombination 3
allfreq 0.2
scaleA 1 1 1 
scaleD 0 0 0 
scaleI 0 0 0 
scaleE 0 0 0 
skews 1 1 1 
effectshape 1
effectscale 1
interactionshape 0.119
interactionscale 1
dominancevar 1
tburnin 10
tend 10
tsave 200
tfreeze 20001
talkative 0
record 0
datsave 0
choosewhattosave 0
gensave 0
archsave 1
archload 0
parsave 1
archfile arch3.txt
parfile paramlog.txt
orderfile whattosave.txt
logfile log.txt
freezerfile freezer.dat
locifile locivalues.dat
seed 1600941561336547465
ntrials 1000

Architecture:
chromosomes
0.333333 0.666667 1 
traits
0 1 0 2 1 1 1 2 1 1 1 0 1 2 0 2 2 1 2 1 0 2 1 2 2 1 2 1 1 2 1 2 0 0 0 0 2 1 2 1 0 2 0 1 0 0 2 2 2 2 2 0 0 0 2 1 2 0 0 0 2 0 2 1 1 2 1 1 0 2 2 1 1 1 2 0 2 0 1 1 1 2 2 2 2 1 0 1 0 0 1 0 0 2 0 0 1 0 1 1 0 1 0 1 1 0 1 2 1 2 2 0 0 2 0 0 0 1 2 1 2 1 1 0 1 1 2 2 0 1 0 2 1 0 1 0 2 2 1 2 1 1 2 0 2 1 0 1 1 0 0 1 2 2 1 1 0 1 1 2 0 1 0 0 2 2 0 1 0 0 2 0 2 2 0 0 1 0 1 2 2 2 0 0 2 2 1 0 0 1 2 0 2 1 0 2 1 1 0 2 1 0 2 1 2 0 2 0 0 0 0 2 1 2 0 1 2 2 0 2 2 2 1 2 2 2 0 0 2 0 0 1 2 2 1 2 2 1 0 2 0 1 1 0 1 0 2 2 1 0 0 2 1 0 2 1 1 0 2 2 0 0 0 0 2 2 1 1 2 1 2 2 0 1 0 1 1 1 1 2 2 0 0 0 1 2 0 0 0 1 1 1 1 2 1 1 0 1 0 2 
locations
0.00632991 0.0108457 0.0121655 0.0150371 0.0249547 0.0344491 0.0348675 0.034958 0.0350292 0.0369982 0.0447621 0.0495101 0.0588608 0.0672273 0.0705461 0.0708405 0.0750462 0.078562 0.0807869 0.0863304 0.0883283 0.0988282 0.122872 0.123953 0.126787 0.130587 0.132976 0.133529 0.135799 0.140433 0.149858 0.153767 0.15487 0.165548 0.165917 0.166531 0.167029 0.167031 0.170484 0.17336 0.174375 0.175577 0.178788 0.1788 0.179192 0.18042 0.182173 0.184142 0.186778 0.190602 0.194265 0.197957 0.198302 0.199998 0.201427 0.207295 0.219204 0.219385 0.219571 0.220379 0.221088 0.22373 0.229884 0.23317 0.236374 0.238287 0.23834 0.24168 0.247495 0.250918 0.252118 0.252523 0.253607 0.254745 0.255463 0.263168 0.264934 0.266831 0.267447 0.270376 0.271373 0.277717 0.285112 0.285214 0.285976 0.286105 0.286146 0.287667 0.290694 0.290855 0.297162 0.297583 0.300673 0.30675 0.308572 0.309378 0.309533 0.314115 0.323516 0.325994 0.335868 0.336274 0.338971 0.349283 0.354994 0.357886 0.365259 0.368763 0.369038 0.369388 0.37708 0.377422 0.383408 0.384337 0.395504 0.396445 0.398391 0.403187 0.403221 0.417525 0.418889 0.426459 0.427213 0.42921 0.430495 0.438717 0.440003 0.443231 0.445316 0.448067 0.454099 0.455781 0.456594 0.459392 0.46312 0.467431 0.473856 0.475934 0.482159 0.485798 0.486296 0.49978 0.502723 0.50696 0.514991 0.520393 0.529252 0.530638 0.533959 0.534764 0.534782 0.538251 0.5444 0.548365 0.550472 0.551968 0.557821 0.559915 0.563994 0.571227 0.57135 0.573495 0.576572 0.579703 0.585933 0.59222 0.592498 0.594694 0.601584 0.609099 0.609316 0.612021 0.614061 0.624924 0.6268 0.631533 0.645443 0.64687 0.647426 0.648755 0.649913 0.652982 0.655528 0.658952 0.659919 0.661059 0.668116 0.668965 0.675599 0.676135 0.679416 0.680779 0.680977 0.689961 0.695009 0.697821 0.699044 0.699802 0.702209 0.704854 0.706381 0.707115 0.711408 0.71253 0.714468 0.717219 0.72092 0.727007 0.728566 0.729632 0.730204 0.734172 0.73535 0.73617 0.737261 0.740028 0.742483 0.744256 0.763464 0.764768 0.766952 0.767948 0.769116 0.769416 0.774858 0.775942 0.777828 0.77878 0.778818 0.782891 0.784732 0.785739 0.791907 0.7954 0.796147 0.796415 0.810455 0.811553 0.812889 0.813876 0.81503 0.817624 0.817778 0.820399 0.822662 0.823686 0.828484 0.831368 0.838758 0.841118 0.843669 0.845348 0.847145 0.849906 0.851205 0.855141 0.856691 0.860175 0.862645 0.863089 0.864606 0.871095 0.885366 0.8874 0.88867 0.895743 0.897045 0.897051 0.899124 0.904743 0.905107 0.90555 0.913007 0.914217 0.916968 0.918319 0.918398 0.922321 0.922461 0.923617 0.925923 0.936743 0.949109 0.951453 0.955091 0.957036 0.957283 0.960705 0.961196 0.961475 0.974061 0.974241 0.979925 0.980795 0.982962 0.983881 0.984722 0.985781 0.988779 0.990109 
effects
-0.00420176 0.00219522 0.00955506 -0.0177121 -0.0655272 0.078258 0.0630575 -0.00178928 0.0223809 -0.0867837 0.11488 -0.0214855 0.083911 -0.0796437 0.0614472 -0.0353579 -0.0402269 0.0206256 -0.00530088 0.0563658 0.221928 -0.0134482 0.0832664 0.235329 -0.132012 0.0125988 -0.0365418 -0.0891155 -0.225826 0.021953 0.0694534 0.0213017 0.154075 -0.234157 0.107741 -0.0810991 0.00640633 0.0610196 0.0215254 -0.00826077 -0.00100983 0.0174407 0.0900098 0.0411828 0.0792797 -0.00587851 -0.0309607 -0.0747474 -0.032674 0.145959 0.0576773 0.00656662 0.0690399 0.32765 -0.189117 0.0213544 -0.187874 -0.0525809 0.0905399 -0.0881089 -0.0492116 0.0197081 -0.0692637 -0.0202084 0.0892176 0.0456359 0.063733 0.0841638 0.0117714 0.184654 -0.180876 -0.094556 7.45377e-06 -0.0757159 0.113835 -0.00853304 -0.0111483 0.053411 0.000166463 0.000368012 0.0681922 -0.00325076 0.223722 -0.00646728 0.0259442 -0.0707137 -0.043708 0.160809 -0.0271771 -0.0126515 0.233166 -0.0406386 -0.0254838 0.0710017 0.0252742 0.0635806 -0.0752266 0.0845586 -0.0189719 -0.0117345 0.0102278 -0.00674711 -0.122656 0.156306 0.0427682 -0.0310461 -0.0552586 0.0750701 0.0407892 0.078847 0.0927327 -0.0713222 0.0846284 0.137445 -0.0615496 -0.0218739 -0.00892187 0.0753516 -0.0434628 -0.0232849 0.0567924 -0.15273 -0.112669 -0.0541298 -0.0902905 -0.034408 -0.0768981 -0.0713464 0.0733887 -0.00929629 0.00122138 0.0189983 0.11427 0.0361747 -0.0592421 -0.159058 -0.155455 0.00759551 0.0588489 0.109996 -0.00693529 0.0823402 -0.168751 -0.194999 -0.218542 -0.120544 0.047835 -0.146556 -0.211938 0.119348 0.066463 -0.0477742 -0.111929 0.197501 -0.189693 0.00757988 0.00313906 -0.00597917 0.0501663 0.189147 0.259896 -0.0688098 -0.0810562 -0.0327788 -0.00306335 -0.124787 0.177145 -0.250042 -0.268945 0.143889 -0.00525876 0.013633 -0.0443281 -0.0267499 -0.0283323 -0.0434202 -0.0388763 -0.14376 -0.185214 -0.0245533 -0.0185067 -0.054298 -0.0531398 0.00763765 0.0473916 -0.00573844 0.0174972 0.0344437 -0.0366778 0.0455119 -0.00969255 0.421311 0.0447324 0.0904921 -0.0298951 -0.0597143 -0.0248964 0.0337118 0.101967 -0.0849314 -0.0874561 0.000379017 0.00173432 0.00961025 -0.00565461 0.0369986 -0.109882 -0.00253369 -0.0136795 -0.00742038 0.000604207 0.28343 -0.176853 -0.0209591 0.0143771 -0.016768 0.0163239 0.035304 -0.0590964 -0.220488 -0.017852 0.0234826 -0.100659 -0.0245791 -0.103738 0.0811242 -0.02413 -0.025421 0.013644 0.146238 0.046121 -0.0265862 -0.00385297 0.0315362 0.0639477 0.0234987 0.0742538 -0.161797 -0.026052 0.00385938 -0.0354862 0.0329841 -0.0316428 -0.116118 -0.0178505 -0.0110443 -0.030199 -0.0258496 -0.0215135 0.0272124 0.120229 0.175061 -0.333155 -0.122345 0.11399 0.0920448 -0.138115 0.0253907 0.114521 0.122819 0.00600606 -0.0137002 -0.0164641 0.11485 0.011358 0.0105094 -0.00713097 -0.168364 -0.334003 0.174768 -0.0581806 -0.0819912 0.00483947 -0.131307 -0.0245838 -0.0273209 0.0328242 -0.105744 0.0903749 0.0131622 0.0439618 0.031065 -0.0963998 -0.155241 -0.00204457 -0.0064681 0.0150112 -0.103674 0.0346987 -0.00305886 0.0648898 0.0341882 0.0168264 0.0743508 -0.198663 -0.0473051 -0.0249969 0.18279 -0.0456692 0.0303723 
dominances
0.000564756 0.0262649 0.0999654 0.151639 0.102107 0.0848951 0.00269143 0.0468955 0.00961649 0.0230908 0.0972696 0.0699025 0.119363 0.038382 0.0192664 0.0584216 0.00112521 0.0940051 0.256436 0.0501011 0.0434722 0.0052717 0.00801706 0.0306255 0.0626305 0.0567555 0.0197343 0.0491377 0.0113324 0.136273 0.0574506 0.0887927 0.0457917 0.122392 0.0736227 0.1242 0.183605 0.077504 0.0392315 0.0122137 0.166551 0.0460718 0.0843874 0.160783 0.0395205 0.00560862 0.0240536 0.0976129 0.0397715 0.0744716 0.0439027 0.132609 0.13095 0.276277 0.0877293 0.0382365 0.045659 0.211208 0.0520327 0.0923491 0.166041 0.0560766 0.0135477 0.188877 0.19878 0.00298036 0.207163 0.0963352 0.0296494 0.145633 0.0475105 0.0838079 0.0201432 0.173207 0.0686531 0.08827 0.0341238 0.0985537 0.164098 0.0135024 0.0235755 0.0804216 0.0999566 0.0839112 0.0542788 0.0053075 0.0345805 0.201252 0.0593707 0.0412094 0.00763223 0.121924 0.221837 0.0744903 0.0620801 0.111981 0.0394745 0.10617 0.0622301 0.0137466 0.0182164 0.0311021 0.0773533 0.108833 0.0571682 0.204999 0.0587961 0.0901456 0.0929222 0.00253322 0.119322 0.0708132 0.0397294 0.125287 0.17055 0.0607095 0.155914 0.0414858 0.141074 0.0744023 0.129806 0.0365588 0.235948 0.112119 0.0690592 0.127284 0.142743 0.0764099 0.0479094 0.0388027 0.190638 0.0453929 0.0426348 0.152289 0.0970289 0.0234095 0.023567 0.0524885 0.0078301 0.16826 0.108248 0.00204776 0.0991779 0.0854937 0.0939178 0.0499834 0.0678208 0.0342185 0.214659 0.103305 0.0356357 0.0174801 0.0597763 0.0833907 0.182645 0.0143025 0.0489331 0.0241798 0.0625382 0.00692329 0.0262365 0.172588 0.121079 0.0352057 0.0221872 0.13935 0.0441592 0.11759 0.0214475 0.00773948 0.115767 0.00935523 0.09199 0.0310698 0.0669315 0.0185119 0.0236544 0.0284217 0.122332 0.221997 0.0489283 0.0595631 0.0123341 0.0178574 0.152547 0.189558 0.0812556 0.0696691 0.200238 0.0376958 0.00519227 0.0377555 0.14255 0.236206 0.00261806 0.103337 0.0944159 0.0217926 0.0626932 0.0504732 0.121068 0.0776676 0.183181 0.085542 0.0746907 0.15632 0.0779551 0.0526994 0.0191405 0.101912 0.0255082 0.0810858 0.0838016 0.0736754 0.0219115 0.224022 0.0709361 0.102047 0.0855553 0.0592266 0.0327845 0.0667471 0.0465215 0.110775 0.19987 0.0486063 0.182367 0.169984 0.147363 0.0707397 0.07968 0.219299 0.0246712 0.115242 0.102419 0.156134 0.103889 0.0524275 0.11757 0.0585913 0.0214713 0.101945 0.0157271 0.225286 0.04993 0.1477 0.0856284 0.0169067 0.0323021 0.0143393 0.0938299 0.094925 0.00341666 0.132461 0.0159784 0.0625157 0.090973 0.0260296 0.210556 0.0873586 0.0901935 0.00485369 0.0132658 0.00700982 0.116431 0.180428 0.0916577 0.0866052 0.0413026 0.0483315 0.0530087 0.139729 0.0354081 0.0805889 0.0347449 0.159289 0.0586324 0.0499381 0.130494 0.0658099 0.0754188 0.0496608 0.16259 0.0235872 0.0908754 0.0294817 0.0481003 0.12847 0.0200216 0.063998 0.0570359 0.0430372 0.146326 0.0158876 0.117128 0.0927686 0.148062 0.0547998 0.107867 0.0411624 

network 0 1000
edges0
68 68 95 68 95 61 95 188 61 68 61 105 95 68 188 133 105 61 95 188 68 68 95 133 105 77 61 188 86 61 95 133 105 188 68 77 95 86 133 68 188 260 61 77 105 133 61 95 260 77 105 68 188 146 86 260 188 146 250 86 105 133 61 146 188 250 77 133 156 86 68 95 260 105 77 68 95 146 105 188 133 133 77 146 86 250 188 105 75 260 227 68 156 95 68 61 133 92 105 188 260 227 188 68 146 92 227 130 86 77 260 95 105 250 75 61 156 133 227 77 250 146 262 68 133 95 61 130 75 156 130 77 250 260 68 188 86 156 260 92 95 77 105 133 146 188 262 75 133 86 95 188 191 227 262 68 92 77 250 188 61 191 227 133 262 146 68 156 261 61 130 156 115 95 77 227 288 250 75 92 86 133 191 68 115 260 288 250 227 188 77 130 168 260 75 262 95 133 288 68 261 61 77 75 188 92 95 160 133 260 288 105 188 77 168 53 95 68 133 262 130 77 95 115 68 262 105 287 168 130 188 288 133 250 61 287 250 53 191 182 133 146 288 227 95 86 95 287 191 130 160 288 188 156 168 260 250 182 95 288 61 86 156 182 130 68 75 188 191 250 288 95 105 182 77 262 75 156 227 238 245 86 77 115 227 288 188 287 156 262 182 191 227 68 92 115 95 250 262 207 77 288 160 198 238 68 191 288 182 207 169 133 227 260 188 61 146 226 61 274 227 250 77 287 133 260 238 207 115 188 68 168 75 288 105 77 133 94 288 68 283 287 245 160 156 250 146 168 86 226 77 75 261 68 169 198 92 86 227 53 287 75 53 146 156 188 182 160 94 61 250 288 61 68 77 188 133 156 86 207 77 61 250 188 75 191 105 168 260 115 51 133 95 160 198 61 32 94 288 226 168 250 188 182 133 227 283 156 168 229 95 287 75 53 288 61 135 77 182 133 105 188 250 130 75 198 175 288 92 238 77 191 162 32 77 146 175 61 68 75 260 53 287 168 250 53 94 61 115 287 68 77 162 198 156 274 32 260 86 205 238 296 123 226 229 130 238 283 86 288 227 95 227 288 86 105 168 188 32 287 77 261 146 226 68 156 287 53 288 95 162 146 250 61 97 51 207 283 105 77 238 95 156 208 32 262 53 168 283 68 95 287 227 58 168 160 105 115 253 283 198 156 261 288 260 201 227 61 58 250 296 169 207 174 175 59 168 245 191 227 262 53 58 59 133 226 77 156 52 182 262 245 61 53 75 146 229 115 283 86 191 77 94 53 160 250 135 130 296 35 274 207 58 162 75 115 160 250 288 77 287 238 175 260 133 229 253 105 146 160 77 133 262 115 260 182 61 135 169 68 11 191 253 115 296 174 86 77 226 95 283 191 207 188 89 88 227 77 61 35 105 156 262 53 188 250 58 288 68 229 52 162 20 207 238 75 182 146 77 168 174 115 250 229 191 227 95 262 227 53 58 263 182 229 208 146 95 77 162 198 260 150 42 88 11 105 191 89 283 260 42 288 250 201 205 160 207 75 182 20 260 102 146 59 115 156 229 115 11 61 262 261 133 86 201 188 20 143 250 227 135 59 77 135 92 112 133 260 262 94 182 188 51 86 92 226 188 115 112 288 105 59 61 156 191 52 182 89 105 288 77 287 198 250 94 86 175 188 130 201 250 208 97 94 115 191 133 92 287 88 188 191 169 207 160 135 133 20 201 250 114 86 123 191 283 171 59 238 150 133 58 250 59 156 75 61 288 86 166 260 288 201 188 298 146 263 283 208 296 168 102 40 260 156 238 156 227 174 296 61 287 253 261 218 183 207 227 100 77 86 102 105 89 135 40 260 227 97 168 111 11 274 95 288 77 97 227 201 45 111 68 95 52 226 53 253 130 230 207 61 45 150 75 229 58 135 92 42 261 95 288 274 188 162 182 201 2 130 174 94 57 20 86 262 146 296 183 261 298 86 45 95 218 198 169 166 156 100 45 183 191 59 61 286 86 171 95 32 288 53 296 86 169 100 133 287 115 105 262 42 226 77 0 201 97 123 2 188 227 262 191 168 253 261 229 238 42 57 75 94 240 59 182 143 112 209 88 58 14 2 20 133 133 274 77 68 160 95 227 32 168 146 214 77 188 218 253 68 53 42 229 188 262 88 174 102 77 133 191 260 160 168 42 282 86 115 68 143 160 52 115 205 146 102 59 33 61 262 94 52 133 97 20 44 162 188 287 174 42 130 226 160 286 230 207 227 52 288 250 95 
edges1
95 61 61 188 188 188 105 105 105 105 133 133 133 133 133 77 77 77 77 77 77 86 86 86 86 86 86 86 260 260 260 260 260 260 260 260 146 146 146 146 146 146 146 146 146 250 250 250 250 250 250 250 250 250 250 156 156 156 156 156 156 156 156 227 227 227 227 227 227 227 227 227 227 227 75 75 75 75 75 75 75 92 92 92 92 92 92 92 92 92 92 92 92 130 130 130 130 130 130 130 130 130 262 262 262 262 262 262 262 262 262 262 262 262 262 262 262 262 261 261 261 261 261 261 261 261 261 261 261 168 168 168 168 168 168 168 168 191 191 191 191 191 191 191 191 191 191 191 288 288 288 288 288 288 288 288 288 115 115 115 115 115 115 115 115 115 115 115 115 160 160 160 160 160 160 160 160 160 160 160 160 245 245 245 245 245 245 287 287 287 287 287 287 287 287 287 287 287 287 287 287 287 53 53 53 53 53 53 53 53 53 53 238 238 238 238 238 238 238 238 238 182 182 182 182 182 182 182 182 182 182 182 182 182 226 226 226 226 226 226 226 226 226 226 226 226 207 207 207 207 207 207 207 207 207 207 207 207 198 198 198 198 198 198 198 198 198 198 198 198 201 201 201 201 201 201 201 201 201 201 201 201 169 169 169 169 169 169 169 169 169 169 283 283 283 283 283 283 283 283 283 283 283 283 274 274 274 274 274 274 253 253 253 253 253 253 94 94 94 94 94 94 175 175 175 175 175 175 175 175 175 175 175 175 88 88 88 88 88 88 88 88 88 97 97 97 97 97 97 97 97 97 208 208 208 208 208 208 208 208 208 229 229 229 229 229 229 229 229 229 32 32 32 32 32 32 32 32 51 51 51 51 51 51 51 51 51 51 135 135 135 135 135 135 135 135 135 135 135 135 135 135 135 205 205 205 205 205 205 205 205 205 205 205 205 205 205 205 162 162 162 162 162 162 162 162 162 162 162 162 162 162 59 59 59 59 59 59 59 59 59 59 59 59 59 123 123 123 123 123 123 123 296 296 296 296 296 296 296 296 296 174 174 174 174 174 174 174 174 174 174 174 52 52 52 52 52 52 52 52 52 52 52 52 52 52 58 58 58 58 58 58 58 58 58 58 58 58 58 58 58 143 143 143 143 143 143 143 143 102 102 102 102 102 102 102 102 102 102 102 102 102 102 11 11 11 11 11 11 11 11 11 11 11 11 11 11 35 35 35 35 35 35 35 35 35 35 35 35 35 150 150 150 150 150 150 150 150 150 150 218 218 218 218 218 218 218 218 218 218 218 298 298 298 298 298 298 298 298 298 298 298 298 298 298 298 298 298 89 89 89 89 89 89 89 89 89 89 89 89 89 89 89 20 20 20 20 20 20 20 20 20 20 20 20 20 263 263 263 263 263 263 263 263 263 263 111 111 111 111 111 111 111 42 42 42 42 42 42 42 42 42 42 42 42 42 42 100 100 100 100 100 100 100 100 183 183 183 183 183 183 183 183 183 183 183 183 183 282 282 282 282 282 282 282 282 57 57 57 57 57 57 57 57 57 57 40 40 40 40 40 40 40 40 40 40 40 112 112 112 112 112 112 166 166 166 166 166 166 166 166 166 45 45 45 45 45 45 45 45 45 45 45 45 45 45 45 45 171 171 171 171 171 171 171 171 171 171 171 171 230 230 230 230 230 230 230 230 230 230 114 114 114 114 114 114 114 114 114 114 243 243 243 243 243 243 243 243 33 33 33 33 33 33 33 33 33 33 33 33 281 281 281 281 281 281 281 281 281 281 281 281 281 281 2 2 2 2 2 2 2 2 0 0 0 0 0 0 0 14 14 14 14 14 14 14 14 14 14 14 14 14 14 163 163 163 163 163 163 163 163 163 163 163 163 163 286 286 286 286 286 286 286 286 286 286 286 286 286 286 210 210 210 210 210 210 210 210 210 210 34 34 34 34 34 34 34 34 91 91 91 91 91 91 91 91 44 44 44 44 44 44 44 44 44 44 44 44 44 44 44 209 209 209 240 240 240 240 240 240 240 240 240 187 187 187 187 187 187 187 214 214 214 214 214 214 214 214 214 214 214 214 149 149 149 149 149 149 149 149 149 149 194 194 194 194 194 194 194 194 194 194 194 257 257 257 257 257 257 257 128 128 128 128 128 128 128 128 128 128 272 272 272 272 272 272 272 272 177 177 177 177 177 249 249 249 249 249 249 249 249 249 249 116 116 116 116 116 116 116 116 116 116 116 116 116 116 116 116 116 
weights
6.58922e-05 0.000443165 -5.35808e-13 -3.24469e-09 0.000292808 0.0160919 0.00860428 -1.73723e-05 -4.51723e-06 -0.00350539 -0.0102113 -0.0679841 -1.04775e-10 -7.99583e-09 -0.000521477 0.000619968 -0.0130239 7.44722e-05 9.57823e-08 0.00377908 -0.0114061 -0.00778841 -9.32979e-06 -2.82272e-05 1.91547e-05 9.0816e-08 -0.000144958 -4.99224e-05 -0.00253284 -9.29389e-10 -0.000154544 1.9974e-07 0.00226385 0.00286036 -0.0851641 0.00153404 -1.7784e-07 3.27068e-08 0.099626 0.000203819 -0.19026 1.49811e-07 -0.0251206 -0.000236575 -8.26298e-07 1.22973e-08 -2.06393e-05 -0.000121381 -5.6004e-07 -0.00171726 1.13997e-26 0.000532488 0.000357437 -0.0295943 6.60853e-10 -2.05709e-06 -9.45689e-07 0.0413092 -0.0167109 5.76599e-05 2.37488e-06 3.62177e-06 0.00067789 -0.023397 -0.000247233 5.58183e-06 -0.000308682 0.000239272 7.78188e-14 -0.0281136 2.09544e-06 -0.198551 -2.40687e-08 -5.82635e-06 -0.000302118 0.000133291 -2.28586e-07 -3.99424e-06 -5.88035e-10 -1.47144e-06 0.0113821 0.0227914 -0.00985146 -0.000695944 -0.0131468 -1.23437e-11 -1.24386e-07 -9.61412e-10 2.1868e-07 0.00294698 -0.00832247 3.125e-05 -3.63041e-06 -4.78708e-05 5.66073e-06 -5.16906e-11 -0.0732539 4.48947e-08 0.00748913 -0.00164366 -0.000767193 -8.27393e-05 -5.81985e-05 0.0176152 0.0106482 -0.000283461 -4.88913e-12 -2.70894e-15 6.5713e-05 2.74662e-06 -4.11388e-06 3.45344e-06 0.0145641 8.82887e-10 -4.70177e-05 -5.60923e-09 0.000724179 -8.66347e-06 0.000747597 -2.58475e-06 0.00187983 -6.36936e-05 2.75024e-07 1.71474e-07 1.07295e-07 -2.08142e-06 4.74966e-05 -5.57558e-05 -0.0890405 6.50823e-09 5.64996e-08 -2.1162e-05 -5.74596e-12 5.37236e-07 -1.03934e-08 1.06923e-10 -9.55317e-09 -3.92623e-05 -0.0128265 3.11278e-12 6.66993e-05 -8.0782e-10 -0.00339873 0.00140922 0.000243918 -0.000234921 5.98527e-06 2.12598e-17 0.0148774 -0.000104441 -3.66399e-08 -0.00235457 0.0342573 -2.21368e-09 0.000558399 0.0242108 9.87894e-11 -0.0257091 -0.00129648 -1.78817e-14 0.000355865 0.211427 -2.48192e-11 -8.81639e-17 0.0710057 0.00372538 0.0375533 -0.000257997 0.0381335 -9.39243e-08 -0.000237467 -0.0114795 0.000537274 -0.0102216 1.0784e-05 -0.0832097 0.00263238 -4.04967e-10 0.000806774 -0.000253505 -0.000119464 3.45954e-08 0.00208977 -0.00294588 4.48935e-10 -0.032426 0.112936 -0.0005394 0.000257867 0.0181363 -2.03081e-10 -1.31463e-08 0.0187521 1.36227e-15 5.71308e-08 8.27386e-09 -0.00654337 4.8097e-08 0.005653 -0.0729962 0.0604323 0.011861 1.01827e-05 -0.0116176 8.54742e-16 3.4991e-06 7.69872e-07 -0.00996606 -0.124321 6.8461e-09 -0.000247367 1.42858e-05 2.7482e-07 -0.0636994 -6.80633e-08 1.84234e-11 0.00284865 0.00159622 0.000954243 -0.00539082 -1.01154e-09 0.0292769 -0.00993576 -4.46992e-05 6.99033e-06 0.0274901 0.00239016 0.0029635 0.0128155 1.58112e-07 -0.0130161 -0.00236951 -9.04191e-06 0.00787952 0.000542297 -0.0353629 3.37167e-07 -4.127e-10 -2.04204e-06 -4.29022e-05 6.64122e-14 -4.82247e-06 -0.0302895 0.0510699 -0.0252417 0.000434848 -0.00480166 1.68886e-11 -0.000263399 7.87316e-08 -2.92582e-21 0.000964135 -4.83136e-06 0.0410624 -0.00373111 -0.00323179 -9.56387e-08 0.00802487 -0.00341476 7.13742e-07 7.47348e-09 0.0328785 8.50693e-16 0.113122 1.04762e-06 -7.28665e-05 -0.0276058 -1.13528e-05 0.0027338 -4.62378e-05 -0.00308003 1.99273e-06 -0.0685864 4.47699e-06 -4.55335e-05 0.000122561 -9.44258e-06 -0.000398617 -2.72172e-07 -0.0342505 2.82023e-08 -1.70068e-05 -0.0295315 0.0390075 2.06121e-09 -2.70218e-08 4.44516e-07 -0.00956109 -0.0492673 -3.56105e-13 -8.62004e-05 -0.00903181 -0.0121953 0.00696065 -0.0289428 -0.0348951 -2.01827e-16 -0.000702405 0.000754512 -0.00578119 0.00708328 0.0710392 0.0132979 -0.00802173 -2.90611e-05 -0.00262689 5.40942e-08 -1.27979e-15 -0.0571924 -0.0173972 6.79286e-07 1.53298e-13 -9.62324e-06 -1.25921e-06 -7.69633e-05 -1.92486e-05 -0.00443765 -0.00393496 -3.08965e-05 -0.0666701 -0.00563599 -2.90518e-11 5.86675e-20 4.70535e-05 -2.10738e-07 -3.65042e-10 -0.0127624 -0.00926728 -6.57474e-09 -1.6705e-16 0.00409264 -0.017773 0.0742487 -0.00203062 0.00888345 1.09872e-12 0.000395185 1.16802e-05 1.79283e-07 -7.29061e-06 0.0192011 -3.60227e-07 -0.0207255 4.49416e-08 0.0013186 0.0188131 -7.39064e-12 -2.93945e-10 7.48099e-06 6.67718e-05 -0.00272707 -1.07062e-16 4.43036e-10 -0.0529092 6.33049e-05 -1.37931e-06 -0.0117035 3.76895e-05 -0.0824847 -3.86876e-08 4.1491e-05 -9.56943e-06 -0.000842892 6.95142e-09 -1.38943e-05 0.0131716 0.165746 -0.00182805 1.05895e-07 -0.00137806 4.22363e-08 8.64102e-11 -0.0132324 -2.10028e-05 -0.000152277 -0.00736543 -8.97232e-09 0.00734052 1.41185e-06 0.0463561 3.18053e-10 1.34387e-09 7.93663e-07 -0.00251148 -0.107348 -1.49714e-05 -0.000711654 -1.46525e-05 -0.0013292 -0.00954065 0.000289656 0.00795256 0.00686173 -6.6408e-05 -1.15311e-09 0.0057346 0.0952871 -0.00530245 -1.11175e-07 2.05034e-19 -6.27484e-06 -0.00053143 1.1973e-05 -0.0137144 0.00441606 0.000578356 0.000547069 -1.2964e-14 6.06724e-06 0.0048145 -8.4405e-05 0.00365398 0.00116982 0.000816674 0.0222371 -0.0701959 0.178203 0.00410075 7.34942e-06 0.0175742 -0.13022 -0.118087 -0.00891421 -0.00299849 -0.00481917 -1.1113e-07 0.023745 -2.58614e-08 -0.00632248 1.72596e-08 -2.52408e-05 0.000138309 7.40701e-09 0.000621758 -0.00265389 0.00619529 0.00846812 5.52473e-08 0.0480675 6.20172e-07 0.000168689 0.000132365 -0.10158 3.2747e-09 0.0652814 2.62147e-09 0.00618214 7.10497e-05 0.000174015 -3.91279e-05 -0.000576355 -0.000582622 0.00133179 2.09413e-15 8.07876e-07 1.47532e-09 -2.58957e-11 0.047339 -0.00748254 -1.1831e-11 -0.0038985 -3.04881e-10 -4.35525e-10 0.000432618 -9.23001e-10 -0.0307844 0.000695657 -5.45235e-18 0.00656873 1.7486e-08 -5.64583e-15 -0.0237745 -0.00350055 1.97323e-06 6.16876e-16 -2.79199e-07 0.00886965 -4.12475e-12 0.00205248 -0.00157352 -0.0732359 0.00473054 -2.59083e-09 -4.5516e-08 -0.00131777 7.64497e-11 -0.0031058 0.00066816 -0.0547771 6.8621e-05 4.97028e-05 -8.03583e-05 -0.00114072 0.0215651 3.57806e-06 -0.000596309 0.00224048 -9.56669e-07 -9.8747e-07 1.31576e-06 -0.0455687 -0.0269168 0.000601239 0.00463665 2.66527e-05 2.32079e-17 -0.101611 8.15095e-05 0.0183052 -0.00908841 -3.5407e-10 -4.65766e-06 2.82649e-05 -0.000392332 0.0091023 0.000225794 -6.17042e-06 0.124999 -9.05964e-06 0.0355036 7.79936e-05 0.00513147 -0.0655022 0.004267 0.000240169 6.61218e-05 2.99979e-07 -0.00490767 0.00055962 -0.014393 1.58685e-05 -0.00212287 5.15352e-08 -0.0951513 -4.55011e-11 -1.15715e-10 -4.51311e-10 -1.94541e-09 1.15941e-05 0.00255855 -0.132818 -1.16723e-05 -0.000608716 -0.000268785 -8.09395e-06 0.0358518 -0.0281928 1.31386e-05 0.000682628 5.98018e-05 -1.16086e-05 9.57823e-15 0.00434224 9.34664e-18 -0.00643868 -1.32137e-05 -0.00524843 -1.17143e-09 -0.000113867 -0.00407982 0.000182684 -0.0100773 -0.000627547 4.28167e-05 6.23428e-12 -0.00850506 6.03819e-06 -0.00314167 0.00166795 0.00820509 0.0137304 0.0489567 -1.71929e-26 0.0111633 5.29246e-09 2.11612e-07 -9.50347e-15 0.000788464 -4.47636e-13 -3.93243e-09 -8.81818e-08 3.1051e-05 -0.000237234 -7.57894e-17 0.00494805 0.0157697 0.00317289 4.53923e-06 -0.0122071 -6.30586e-06 -0.00575131 3.08592e-16 -0.0616227 0.00842438 -1.06415e-06 9.37054e-08 -0.0396158 0.00128929 -0.000767805 -3.3502e-05 -0.000129749 -0.00209283 5.23337e-07 1.42083e-09 0.0446426 0.00272562 -0.00429508 0.0351494 2.51092e-24 7.9597e-08 -1.17743e-12 -8.70305e-07 0.00108178 -9.12952e-12 5.41947e-05 -3.59581e-08 9.65446e-05 -3.43401e-05 -1.00764e-07 7.69819e-08 -2.63741e-13 0.00948986 2.33141e-09 0.0116585 -0.0572664 -2.99414e-08 -0.000235316 3.74234e-10 -4.63338e-12 -0.000174025 0.0164878 4.91262e-05 2.17569e-08 -0.0838539 0.000351542 8.16865e-06 -0.00538755 -8.37733e-06 0.000660172 -8.99596e-08 -1.47968e-05 -1.55846e-19 -0.00783159 -3.4068e-13 0.00208757 -0.00185341 0.00190682 0.000140899 0.00533754 1.66808e-09 -1.03112e-19 9.83428e-40 0.0837102 0.0020174 -4.36211e-05 1.40512e-07 6.3183e-07 -0.103086 0.0242013 -0.000398166 5.8892e-05 0.0018791 0.0074836 0.00625974 -0.0218695 6.91264e-06 -0.237287 -4.31926e-06 -2.09923e-05 -0.000543963 0.000280043 0.0778653 0.000330591 -0.00228496 -0.00404276 -4.63396e-07 0.170505 0.00167592 -0.0579609 -5.19122e-06 1.65277e-06 0.0185893 0.0200527 0.000160227 -3.98298e-08 2.336e-07 5.88602e-11 0.00159524 -1.52592e-07 0.00578162 4.57897e-05 0.0318286 -7.18191e-05 0.0041555 -6.94925e-05 -0.000726083 -0.000812244 0.204734 -5.2376e-06 0.00295005 0.0454653 -4.63811e-05 1.97468e-05 -1.05227e-13 -0.000775849 0.00286705 -7.09853e-13 0.0976122 1.47367e-13 3.11856e-07 5.79758e-09 1.56294e-10 -2.76492e-07 0.00316715 -0.00472307 1.08894e-05 3.62836e-10 2.18225e-08 -1.32367e-05 1.64474e-09 -0.000164064 8.08366e-05 -0.000931173 -2.66835e-07 -2.28579e-09 -0.191131 -0.000121311 0.000144067 8.84031e-19 -1.93472e-07 -6.14534e-07 -3.49863e-07 -0.0120673 0.0151036 5.02206e-06 0.0545708 -0.000154313 -0.0269614 -7.2257e-06 -0.0106141 -1.56676e-06 -0.00179401 2.84532e-09 -0.0125915 0.000254539 0.0340759 2.3644e-19 -0.000366644 -0.00509339 -0.00259861 0.000703185 -0.186596 0.00558875 -5.94831e-10 0.000230877 1.78934e-07 -6.82636e-05 -0.000645233 0.0179469 2.64191e-08 0.149885 -0.000271638 -0.000293177 -0.0102385 2.89433e-09 -1.17192e-09 0.00946444 -0.00282965 0.0295597 -0.0134959 -5.12741e-08 -0.0233997 8.49097e-10 -0.000374332 0.00174835 2.9118e-29 -0.0195513 0.0013128 1.21324e-05 -5.566e-10 -0.00386913 0.0147781 0.0322536 -0.116215 0.0154045 4.33687e-06 0.00680538 -0.0216939 -0.000789318 -0.0464037 -6.84711e-10 -2.63329e-06 2.12367e-06 1.12899e-08 -0.0102187 0.00010647 0.000126825 0.0128991 -3.97983e-10 -0.0450466 -0.0582826 0.00498844 1.30386e-06 1.22024e-11 0.00548022 -8.49718e-08 -7.6624e-20 2.1405e-22 -0.00702383 -0.000268287 -7.40215e-13 0.0301354 0.0534917 5.49789e-10 0.00724083 -0.0140263 -1.31249e-13 -4.3937e-08 0.00638433 -0.0242424 0.000108803 -2.16145e-06 8.84026e-08 0.0509875 -6.45552e-06 -1.08645e-13 -4.2728e-08 -9.42908e-06 1.64286e-06 -4.89644e-05 0.00703627 8.74265e-13 -0.00927464 -0.000929307 0.00299526 3.553e-08 6.14044e-05 1.41412e-05 -3.7473e-09 0.0374367 -0.000620053 -0.254037 1.45653e-05 -3.17012e-07 1.85312e-06 1.46706e-06 1.53203e-10 -8.62997e-08 -0.0151812 0.000180981 -0.00921703 1.32525e-07 1.50773e-06 0.00346632 -0.00840745 -9.84972e-10 0.016947 -4.23588e-05 -0.000126156 -3.88639e-14 1.98617e-13 0.0397661 1.43653e-07 -7.82244e-05 0.0357648 -1.01842e-06 7.69596e-06 0.0092587 2.90258e-05 0.0627657 -0.00444033 2.05269e-12 1.84488e-18 0.00876986 0.00114696 -3.24575e-06 -0.000109153 1.19965e-05 6.83546e-07 0.00190754 -0.000212516 0.000403289 -0.00469824 -3.79617e-06 3.23419e-06 -0.179307 1.91182e-07 7.4337e-05 -3.24051e-05 -0.0944824 0.000473697 -0.015435 2.52744e-05 -3.54014e-08 -7.7462e-05 3.21024e-07 -0.000190665 2.16616e-14 4.33319e-08 -7.99593e-11 0.0179861 -0.0155882 -3.27684e-07 0.00344211 0.0129738 0.0419266 0.000498346 -0.000213968 1.05902e-05 0.0148935 1.7385e-07 -0.000645799 0.0170877 -0.0190014 -0.000335519 -1.68965e-07 0.0370218 -2.92689e-09 -6.48822e-09 0.000845208 -0.00369459 -0.000431633 -1.99255e-07 -5.32066e-06 0.00077611 5.08745e-05 5.1907e-09 0.00101323 -0.000124401 0.0601658 7.9531e-07 -3.43945e-07 1.83025e-16 0.0212592 -2.90407e-09 0.0879568 -0.00179912 -0.0955735 -2.27327e-05 7.39523e-13 5.61894e-17 -0.000587232 -0.0928615 -3.9782e-08 -9.68581e-08 6.05737e-19 -5.40836e-09 5.77718e-06 -1.63711e-08 -1.3567e-05 0.00295994 1.7491e-13 2.85187e-10 4.79886e-05 0.000239874 4.91813e-10 8.03041e-06 -7.0288e-16 -0.00066111 -3.31338e-06 -5.44106e-14 -0.062269 0.000989724 0.0500129 -1.58629e-07 0.077954 -0.0366962 1.40151e-18 0.00832842 2.35526e-05 0.00324267 5.6183e-05 -0.00371474 -6.31173e-07 -0.00474113 5.65614e-08 1.20051e-10 0.00618996 -0.000930081 -2.01497e-08 0.0289562 -0.00176854 -0.044851 -0.00112622 -0.0326986 -0.031849 1.28762e-08 4.43377e-08 0.010867 3.11534e-09 -2.1272e-10 0.0253824 -0.00128444 0.000867217 -6.81378e-07 -9.42022e-09 0.00247519 0.0100332 -1.2108e-10 1.76389e-15 

network 1 1000
edges0
193 200 193 19 200 193 200 96 193 19 19 193 200 196 96 19 151 196 200 96 193 96 196 193 289 96 151 193 196 200 19 80 80 157 196 193 19 289 96 289 96 196 19 157 80 200 193 145 151 242 80 196 289 151 157 193 19 145 96 200 72 289 19 200 196 96 80 157 193 242 145 151 19 157 108 96 80 196 242 193 72 289 151 200 145 108 266 72 196 80 151 157 193 80 19 121 200 72 145 242 151 266 193 196 289 157 96 96 196 200 157 72 289 80 121 96 145 72 266 193 242 124 196 266 19 193 242 196 289 157 96 186 151 124 151 72 157 266 108 193 200 80 121 96 196 266 72 186 196 145 273 196 72 19 242 124 108 252 121 273 145 269 157 96 193 196 186 212 151 200 19 157 72 289 193 196 151 9 80 19 273 124 145 9 121 186 157 151 289 96 193 96 72 212 151 289 266 121 72 145 200 157 193 269 196 96 108 157 80 19 252 196 151 266 212 9 242 108 200 28 72 231 9 124 119 108 212 157 193 196 96 145 200 157 121 193 242 124 196 231 151 96 289 273 269 108 197 19 212 80 200 157 9 145 196 121 134 151 80 108 196 9 96 67 252 193 157 134 140 196 134 96 80 273 134 157 266 124 121 72 66 108 193 186 242 79 157 200 145 119 80 269 266 79 186 157 145 197 200 196 66 67 140 121 167 289 67 134 119 267 157 186 96 140 151 200 66 121 72 196 267 290 19 151 96 231 124 145 289 269 193 252 200 167 212 96 196 66 140 266 231 290 9 289 273 80 72 145 124 197 108 290 196 252 242 267 121 151 200 72 290 108 140 176 124 134 200 9 117 267 124 96 197 290 157 266 145 242 176 267 252 196 80 72 167 242 275 72 43 193 269 290 43 157 72 255 242 121 186 266 79 290 197 200 67 108 141 96 151 244 157 66 80 242 176 200 291 269 121 267 255 43 134 197 79 200 273 151 176 124 255 117 231 167 80 244 117 124 289 158 80 200 290 289 108 269 157 140 200 189 196 242 66 242 200 96 290 43 72 290 197 203 196 67 19 140 176 72 157 252 87 266 134 200 67 71 72 167 124 96 186 231 28 141 196 121 108 43 193 266 242 167 193 121 96 72 289 108 244 9 145 141 212 275 145 80 266 196 212 72 158 71 289 203 242 121 176 78 266 19 155 291 66 43 96 176 291 155 28 266 66 242 121 80 141 189 96 289 28 252 158 290 267 193 124 212 72 244 71 266 96 80 145 9 275 157 79 121 9 124 72 289 167 242 141 117 151 215 244 96 200 117 297 71 80 186 193 28 289 242 203 98 117 101 155 28 79 273 67 273 141 197 155 4 212 134 275 67 96 124 78 231 140 266 297 9 212 71 138 291 252 98 134 186 145 66 200 289 291 151 71 72 55 25 151 10 78 145 101 67 275 108 193 79 9 140 80 155 157 200 145 27 28 141 167 273 289 6 145 256 10 80 73 275 157 67 25 124 9 193 231 140 186 108 273 28 43 9 101 157 292 79 124 291 252 66 138 157 10 231 244 134 200 67 269 200 151 140 66 121 290 157 193 9 119 79 140 267 196 297 242 80 290 289 87 98 71 134 55 98 255 6 244 80 157 231 90 39 275 108 71 72 242 80 212 138 28 289 200 297 141 193 134 145 101 197 291 108 267 167 196 140 290 138 19 244 151 64 66 151 273 297 19 72 193 80 55 266 151 87 237 215 275 96 5 200 66 151 269 119 55 275 108 255 5 96 67 43 212 140 215 242 237 12 72 158 157 66 141 101 73 39 90 196 124 140 193 72 80 231 96 27 108 277 269 151 297 66 129 203 186 140 124 157 10 55 275 28 231 244 9 193 141 193 196 186 121 151 140 129 186 106 275 96 157 252 72 176 132 290 19 25 212 267 297 241 90 273 99 193 108 244 27 151 295 256 134 215 267 200 71 1 129 237 72 108 297 295 178 248 157 108 193 196 158 134 266 103 289 157 71 215 141 234 148 140 266 99 145 252 96 64 140 27 4 155 66 200 101 193 145 64 96 39 141 237 73 96 176 186 273 103 193 132 157 155 290 80 242 256 244 289 267 154 124 151 28 267 101 289 138 96 79 108 167 10 121 134 124 39 267 22 19 72 155 108 25 231 108 151 119 80 193 4 129 12 196 186 266 291 222 103 294 244 140 291 155 255 252 64 200 106 124 8 189 129 121 10 200 73 72 25 157 19 85 124 273 186 124 222 215 289 242 297 292 141 108 98 71 103 
edges1
200 19 19 96 96 96 196 196 196 196 151 151 151 151 151 289 289 289 289 289 289 80 80 80 157 157 157 157 157 157 157 157 145 145 145 145 145 145 145 242 242 242 242 242 242 242 242 242 242 72 72 72 72 72 72 72 72 72 72 72 108 108 108 108 108 108 108 108 108 108 108 108 266 266 266 266 266 266 266 266 266 266 266 266 266 121 121 121 121 121 121 121 121 124 124 124 124 124 124 124 124 124 124 124 124 124 124 269 269 269 269 269 269 269 186 186 186 186 186 186 186 186 186 252 252 252 252 252 252 252 252 252 252 273 273 273 273 273 273 273 273 273 273 273 273 119 119 119 119 119 212 212 212 212 212 212 212 212 212 9 9 9 9 9 9 9 9 9 9 9 9 231 231 231 231 231 231 231 231 231 231 67 67 67 67 67 67 67 67 67 290 290 290 290 290 290 290 28 28 28 28 28 28 28 28 28 28 134 134 134 134 134 134 134 134 134 134 134 134 134 197 197 197 197 197 197 197 197 197 197 197 140 140 140 140 140 140 140 140 140 140 140 140 140 140 140 140 176 176 176 176 176 176 176 176 176 176 176 66 66 66 66 66 66 66 66 66 66 43 43 43 43 43 43 79 79 79 79 79 79 79 79 79 79 167 167 167 167 167 267 267 267 267 267 267 267 267 267 267 267 267 267 267 267 267 267 255 255 255 255 255 255 255 255 255 255 117 117 117 117 117 117 117 117 117 141 141 141 141 141 141 141 141 141 141 275 275 275 275 275 275 275 275 275 275 275 275 275 189 189 189 189 189 189 189 189 189 189 189 291 291 291 291 291 291 291 291 291 291 291 87 87 87 87 87 87 87 87 87 87 87 87 87 87 203 203 203 203 203 203 203 203 244 244 244 244 244 244 244 244 244 244 244 244 244 244 71 71 71 71 71 71 71 71 71 71 71 71 71 71 71 71 71 158 158 158 158 158 158 158 158 158 158 158 158 297 297 297 297 297 297 297 78 78 78 78 78 78 78 78 78 78 78 148 148 148 148 148 39 39 39 39 39 39 39 4 4 4 4 4 4 4 4 155 155 155 155 155 155 155 155 155 155 155 155 155 155 155 155 155 155 25 25 25 25 25 25 25 25 25 25 25 25 25 178 178 178 178 178 178 178 178 178 178 178 178 215 215 215 215 215 215 215 292 292 292 292 292 292 292 277 277 277 277 277 277 277 277 277 277 277 277 277 277 98 98 98 98 98 98 98 98 98 98 138 138 138 138 138 138 138 138 138 138 138 138 101 101 101 101 101 101 101 101 101 101 101 101 55 55 55 55 55 55 55 55 55 55 55 6 6 6 6 6 6 6 6 6 6 6 27 27 27 27 27 27 27 27 27 27 27 27 27 10 10 10 10 10 10 10 10 10 10 10 5 5 5 5 5 5 5 5 5 5 256 256 256 256 256 256 256 73 73 73 73 73 73 73 73 73 73 106 106 106 106 106 90 90 90 90 90 90 90 90 90 90 90 132 132 132 132 132 132 132 103 103 103 103 103 103 103 103 103 103 234 234 234 234 234 234 234 234 234 237 237 237 237 237 237 237 237 237 237 237 237 237 237 237 99 99 99 99 99 99 99 99 99 99 99 64 64 64 64 64 64 64 64 64 64 64 64 12 12 12 12 12 12 12 12 278 278 278 278 278 278 278 278 278 278 1 1 1 1 1 1 1 1 1 161 161 161 161 161 161 161 161 161 154 154 154 154 154 154 154 154 154 154 154 154 154 8 8 8 8 8 8 8 8 8 8 8 8 8 8 129 129 129 129 129 129 129 129 129 129 248 248 248 248 248 248 248 248 248 248 248 248 248 248 248 248 248 248 295 295 295 295 295 295 295 241 241 241 241 241 241 241 241 241 241 241 241 241 241 17 17 17 17 17 17 17 17 17 17 17 17 17 17 222 222 222 222 222 222 222 222 222 222 222 222 222 222 22 22 22 22 22 22 22 22 22 22 22 22 22 22 22 147 147 147 147 147 147 104 104 104 104 104 104 104 104 104 104 104 104 85 85 85 85 85 85 85 85 85 85 30 30 30 30 30 30 30 30 30 37 37 37 37 37 37 37 37 37 37 37 294 294 294 294 294 294 294 294 294 294 294 294 294 125 125 125 125 125 125 125 125 125 125 125 125 63 63 63 63 63 63 284 284 284 284 284 284 284 284 284 284 284 284 276 276 276 276 276 276 276 276 276 276 276 122 122 122 122 122 122 122 122 122 122 122 122 
weights
-0.0039547 -0.00633957 8.45249e-08 -0.000627807 0.000514707 -1.50913e-09 4.32758e-09 4.32727e-08 0.000406334 -0.01043 -3.08855e-11 0.000388601 -0.00105175 0.000176633 2.58694e-07 3.30022e-07 -0.000299097 7.86223e-08 2.62867e-09 -0.0159757 -1.02677e-10 0.0392142 0.000723871 2.34157e-07 3.31909e-09 -0.000581424 2.66181e-07 -0.00014523 -9.09925e-11 0.000221686 -1.67128e-06 0.00394567 0.0035186 0.000329409 -2.02708e-05 -6.6273e-07 0.00150592 -2.70615e-06 -8.06536e-06 -0.00222015 3.90571e-09 0.000143998 -8.86439e-12 0.0341594 -1.29586e-05 2.8715e-05 -1.63382e-09 1.18799e-05 0.0110438 1.76604e-07 2.78092e-06 -0.030275 -0.00153577 0.00876762 0.0169604 0.000285483 6.17347e-08 2.20127e-08 3.61056e-15 1.03066e-08 -0.0129357 -1.62372e-06 0.0253905 -3.10502e-11 -3.8419e-07 3.63217e-11 0.0136036 -0.038932 2.2607e-11 -0.0271404 2.53759e-05 -0.00306585 -0.0178244 -0.00314262 -2.09451e-14 0.000191042 5.28628e-05 -9.13272e-08 -0.00307188 -0.000230681 0.000188538 0.115382 -1.77239e-19 -0.0040293 0.00189418 -5.90241e-10 0.00166624 0.0669442 0.000486892 0.0396948 -3.7289e-05 1.78117e-10 -1.52967e-05 0.00161311 -0.00125522 -0.000182303 0.0246565 -2.14666e-10 1.69336e-05 1.4915e-07 -3.74303e-09 -0.00132393 -5.01766e-06 -4.44226e-21 -0.00581917 -0.056878 0.000208847 -3.63412e-05 -0.048306 0.000200439 -1.14078e-15 0.0701937 -1.55451e-12 -0.000341749 -0.0158618 0.000322692 7.28483e-08 8.5663e-05 0.000345038 1.15406e-05 -1.68236e-12 0.00300589 1.57364e-06 -2.91813e-06 4.40069e-06 2.82674e-09 7.38605e-07 -0.00334125 -0.00097907 2.22407e-06 2.6054e-05 -0.00367771 0.000667778 -4.18372e-05 5.70185e-07 6.10053e-07 5.10878e-05 5.4461e-09 7.3956e-08 0.0115991 0.0105376 0.000763093 -0.00274608 0.0546821 0.0312107 -0.0348564 -8.63934e-21 -1.04944e-17 -1.37016e-07 -0.0105999 0.0193712 6.24855e-12 -0.00247258 1.18004e-06 -0.00229153 0.0407205 0.00147758 0.000540469 0.00130983 5.07309e-06 0.000227722 0.0177065 1.38755e-05 0.00287534 2.72874e-07 3.4657e-06 -9.75049e-05 3.39386e-05 6.37661e-08 0.00499454 -0.00184626 7.46071e-16 -2.30342e-12 0.000709958 3.61761e-11 -0.057847 8.30847e-06 0.0343989 -1.48683e-07 1.57958e-09 0.0197684 -0.032214 9.08968e-05 0.0477639 0.125769 -0.0198298 -0.00174519 0.000879997 5.35308e-09 -2.94375e-15 2.5482e-11 0.000380087 -0.000207952 -1.38843e-10 9.92971e-09 -4.6735e-17 -4.93771e-08 0.00267715 -0.0235348 -8.30633e-17 0.00118916 1.55815e-12 0.00851377 -0.000529654 0.00119202 -0.00234113 2.28668e-05 -0.101605 1.50043e-07 -1.32349e-10 -0.140872 2.98847e-09 1.69237e-08 0.0399479 0.158114 -0.000422259 0.000847109 -1.37114e-05 1.21173e-05 9.97049e-05 0.000207733 8.99557e-09 0.000446678 -5.09268e-05 3.72397e-10 -0.0905056 6.6644e-07 2.09045e-05 1.13059e-06 -2.6001e-06 1.85282e-06 0.00140214 4.61201e-05 -0.00742429 -0.0265142 -0.00253884 -4.31239e-07 0.000579356 -3.70786e-10 -1.79076e-05 -0.0107868 0.00187548 -0.000101872 0.000149385 -0.00397429 2.13915e-05 -0.000537424 0.000116636 -0.11225 6.41211e-13 4.03342e-07 -0.0297172 -2.8996e-13 0.00017355 9.21202e-06 0.0291975 0.0108129 -2.2117e-08 0.000513063 0.1025 2.51547e-06 -2.77174e-06 -3.66331e-12 1.03047e-05 -0.000261321 0.0482877 4.16316e-07 -0.000383209 0.000795357 -0.0001118 5.61872e-07 0.0121464 -0.00238982 0.000661107 0.06473 -0.000258438 -1.35797e-07 -9.9627e-12 -9.09672e-11 -3.31968e-05 -2.34435e-07 1.90929e-11 0.000810922 -0.0993265 -0.000309907 0.000485121 -1.54721e-08 -0.000301504 0.000103858 -0.00166285 0.0254481 2.66942e-07 -0.0813092 -0.000325585 -1.12287e-09 -0.00534607 -0.00258952 -0.00853441 -4.02911e-08 -1.36017e-07 2.03392e-11 4.56958e-06 -6.72888e-09 0.0172699 -3.95049e-05 -1.20419e-09 -5.3519e-05 0.0582292 -7.90928e-05 3.93457e-08 0.000652806 -0.00443381 -0.000454162 0.0306316 0.0107053 0.000221113 1.69566e-06 0.000151743 0.000215157 7.37583e-09 0.000836611 -5.82928e-06 1.13401e-07 -1.99132e-05 -0.0155739 -0.00438282 5.59411e-06 0.000443947 0.0552111 -0.000849217 -7.34019e-10 -3.10296e-06 0.0119318 5.55288e-10 0.000304767 -1.19727e-22 -0.000836646 -1.15901e-11 2.92715e-10 -4.34898e-14 7.10762e-05 -0.000101866 -0.000147804 3.1163e-06 5.04474e-10 -1.49613e-07 -0.00088601 -2.45496e-05 -0.000499943 2.73014e-16 5.38722e-05 0.0606791 0.0108333 1.11634e-05 2.93923e-07 0.00442107 1.91723e-21 0.134781 4.36993e-07 7.60373e-06 -3.84598e-06 1.51972e-05 0.000105363 3.58743e-09 -0.00845277 -1.14946e-07 -2.19652e-13 1.26954e-05 -0.0582543 0.000105333 5.73239e-17 -0.00513951 -1.1537e-06 0.0305562 0.0638662 -0.0106886 -0.000510317 8.38122e-10 4.51159e-05 -5.72049e-06 -0.000903377 -0.0027621 4.0859e-05 -0.0386775 -6.79175e-11 -4.86374e-24 -0.00026296 -0.000217937 1.14842e-05 0.000231792 -0.00125537 -3.06513e-17 -1.93732e-05 -0.000347887 -0.0519814 -1.09875e-07 -4.35444e-08 -0.00106257 0.00016797 8.18966e-05 -0.0146539 3.35877e-07 -0.0325187 -0.000813901 -1.62996e-09 -0.00176067 0.0181917 -5.44505e-06 4.16825e-06 -0.0302362 2.05147e-06 -0.000124129 0.0449223 -0.00115899 0.0159875 9.75379e-10 -0.000808152 0.0512194 -4.78053e-09 -0.0247985 0.00487413 8.92787e-06 -0.000136768 -0.0293296 0.0354172 4.19288e-12 5.55539e-19 3.12631e-07 0.00252271 0.102454 0.0416694 0.00351497 -0.00234887 0.0253224 0.00723568 1.71006e-15 0.156431 -0.000203284 -0.000785237 -5.17179e-05 0.0980844 1.51172e-11 -0.000557149 0.00275687 0.000190548 0.000223915 2.64422e-07 -0.0539571 1.1356e-05 0.0155372 -8.55664e-07 0.0494952 0.000778093 -4.3226e-06 5.20712e-13 0.00134892 -0.017089 5.49381e-08 0.000306952 0.00312615 7.9325e-05 4.66338e-15 3.09648e-06 -0.0415241 0.00798186 0.00580012 -0.00103287 5.43234e-09 -0.000833905 -1.08409e-05 -0.00206569 -8.93287e-12 -9.93443e-10 2.34525e-14 -5.87746e-05 -0.00299973 0.00525181 0.0923663 0.0029964 -0.00206226 6.37361e-06 2.56107e-07 3.87955e-14 -4.434e-05 1.60364e-06 -4.08124e-14 -2.54132e-06 -0.0051456 0.000104416 -0.0165979 -0.00338783 -2.21911e-11 -1.41569e-11 0.000832196 0.00294749 -0.000871934 -7.99536e-07 0.00640406 -6.53381e-08 0.052387 -0.000887236 0.000635611 0.00466854 -0.000462646 8.72522e-06 -0.00882375 4.29317e-05 -2.46608e-11 -0.00152718 6.46741e-05 0.0254459 6.15905e-06 0.0104991 0.0135628 1.32745e-22 0.0823201 6.85088e-08 1.73777e-12 1.92603e-07 -0.00202445 0.055193 4.05218e-07 -0.202259 0.00145079 0.0348403 4.97622e-15 -1.98219e-09 -8.18698e-11 -4.83217e-06 -0.00356456 -1.298e-17 -8.94521e-11 3.78652e-08 -5.86942e-08 8.64502e-06 -0.000841513 -1.09204e-05 1.065e-10 -4.7484e-06 -2.04961e-07 8.13747e-06 0.0133759 0.000858154 -7.77202e-07 8.39144e-09 -3.5744e-06 1.07798e-12 -5.44974e-06 0.101879 -2.90946e-11 -0.0116318 -0.00218816 -4.49015e-15 -0.000238575 0.0187221 0.000344008 0.000166406 0.011868 0.00034717 2.06856e-08 0.077166 0.200957 0.000195389 0.0121529 -0.000632979 -0.00064966 -0.000365122 1.1719e-07 0.00307317 -0.000638818 0.0685003 -0.000275471 -1.64219e-09 0.00162254 -8.27403e-16 -0.0015218 -0.00361159 -0.00475053 -1.75518e-08 4.09522e-05 -0.000208728 -3.59933e-05 -6.81579e-10 1.19508e-07 1.49677e-10 -1.21997e-05 -4.99182e-11 -3.14452e-06 -0.00071565 -2.45617e-07 -0.0122128 -0.0142337 2.07196e-08 1.06427e-19 1.63928e-07 -0.12775 -0.000844029 -3.46052e-10 0.00141967 -5.49951e-07 -0.00248539 4.55962e-08 3.85885e-05 -4.48606e-15 -6.50379e-22 0.0226608 0.00701085 -3.08853e-05 -4.19694e-11 0.00105377 1.96205e-14 -0.000196784 0.00730292 -0.0133911 -0.0725661 -0.00287178 -7.8819e-06 -0.0122628 -0.0632019 0.00141684 0.00027004 -0.000749752 -4.40759e-05 -0.00122544 3.79401e-09 -0.0181598 0.000418546 4.06319e-15 -2.71267e-06 0.000680083 0.00162596 4.56019e-05 3.92509e-11 -9.00202e-16 -0.000126738 -7.40988e-05 -0.0100586 2.81037e-05 0.00326634 -1.41815e-08 0.0272691 0.00446733 0.16328 -5.61518e-07 1.01722e-06 0.00100035 0.00038279 0.00741296 1.63395e-07 0.06204 1.42985e-05 -6.31402e-10 -0.198795 0.00543057 0.000847019 -6.18913e-08 -4.9385e-15 8.81534e-09 -0.000996429 0.000339967 -0.00610352 -0.00084243 -0.013198 -9.3082e-08 -6.16681e-19 -2.77661e-12 0.0013068 0.00424036 0.000817179 0.0258365 0.0425374 0.00681382 -0.00553874 -0.0822298 8.96927e-06 -2.72722e-08 -1.8968e-09 -0.0193532 1.56096e-05 -4.70407e-08 4.05406e-09 0.00307888 -0.0222725 -0.00495563 -0.000217829 0.000212679 0.00127466 -0.00441916 -9.50084e-06 8.86556e-08 0.152796 -0.00493294 -0.00641684 0.000222443 -5.23047e-05 -0.00914623 -0.000421307 0.0105213 -8.2095e-06 0.00292381 1.00901e-15 -2.04562e-05 0.0105055 1.62207e-05 2.15923e-05 0.0387576 0.0480394 7.7914e-12 -0.000213403 0.0135698 -1.70942e-10 -7.44357e-07 -1.71317e-06 -0.0252099 -1.2139e-05 -0.0061304 2.98278e-06 -1.27911e-10 -2.53165e-05 -2.46956e-06 -0.000734345 -1.17928e-05 0.000726965 -0.0715602 0.118463 -0.000244267 -0.00422478 -0.0355533 0.000115824 5.58543e-07 0.000715967 0.000402177 0.0090639 -0.00245401 6.6503e-08 0.0317504 -6.07359e-06 -0.0387629 5.86978e-05 -4.36242e-07 0.00193136 -8.48656e-09 0.0525235 -1.36774e-08 -0.00116104 0.227833 0.0481775 2.76355e-05 -0.0040378 -0.00070095 -0.00604693 -5.61009e-06 2.0252e-08 9.47817e-12 0.120691 -0.00292123 -0.000114362 5.76558e-05 -0.013377 9.11941e-13 -4.90313e-09 0.000242608 0.000321775 -1.76811e-06 4.57494e-07 1.58454e-14 -2.92306e-07 -0.00013783 2.08342e-07 -1.84049e-08 0.000540734 -1.18462e-09 -0.0347288 -0.0482869 4.63285e-08 0.0620905 7.02004e-07 -0.00648774 -0.00108608 0.024616 -1.44173e-09 0.0627004 -0.0137565 -0.0162755 0.0612953 -0.0166895 -0.0009111 0.00044063 0.0273558 -0.0553782 0.000314659 -0.0639253 9.81832e-11 0.000211022 -0.0507134 -0.0200626 -2.29061e-05 7.53531e-09 2.8487e-12 -0.0257723 0.00365655 -3.31799e-05 -0.00332816 -0.00223821 0.0156926 -0.00152283 -0.00449403 0.0146336 -3.79659e-05 -3.78148e-07 1.89939e-05 -0.00957471 -2.0562e-07 -0.0274134 2.01165e-06 -0.0254391 -1.07774e-13 0.0681948 -0.0105773 0.0071441 0.0028819 1.82837e-05 -4.64097e-05 -8.2983e-08 -0.000293291 -0.00214208 0.00130083 -0.0858368 4.63006e-06 -1.57854e-12 -9.1406e-08 0.000202688 0.0290309 5.39797e-05 0.00297088 -0.15942 -0.0127771 3.34825e-15 1.02739e-07 0.00123512 0.000295992 -0.121519 -1.56108e-08 0.100884 -2.37213e-06 5.40288e-30 -0.000233233 0.0033532 -0.000565938 -0.000347816 6.79066e-06 0.00183121 0.000111285 -1.75e-10 0.000343586 0.00244418 0.0035543 3.18241e-10 0.00475063 4.80214e-07 0.0169487 -3.1076e-08 6.01165e-05 1.51673e-05 -0.000515926 5.71993e-16 0.0101928 0.0654377 0.00356801 0.00258947 -0.00206171 5.99052e-09 3.76835e-12 3.45912e-15 -1.12594e-09 -1.22134e-06 -0.251061 -2.82948e-09 0.000967754 -2.15697e-19 2.13806e-06 2.94065e-06 0.0102881 0.00358729 -7.26405e-12 0.0170908 -0.00048415 -0.0145029 0.0794945 -0.0450427 0.00114027 0.0194688 -4.21081e-07 -0.000598254 0.00177528 -0.00661773 0.020074 -0.00244053 0.176214 -2.06369e-06 -1.21575e-07 -1.90237e-08 0.133675 0.130194 -0.0172242 -0.0632938 1.90562e-05 1.19868e-14 0.000249544 0.00735791 -0.0628533 6.30307e-10 3.90351e-08 -2.96856e-06 3.4435e-05 5.97491e-08 -0.102087 2.32314e-07 0.000267885 -3.2478e-08 -0.000782525 0.00160096 -0.00930842 1.21573e-05 0.00737277 6.39801e-06 6.7093e-06 5.70121e-13 1.0057e-08 0.000239414 -9.42211e-05 -0.000193904 1.18996e-09 -1.97518e-07 0.00182831 2.1346e-17 5.60859e-10 3.03297e-07 -1.67874e-09 0.00758033 -0.000184444 -3.85033e-08 -2.88656e-05 -0.00810654 0.163165 0.00234907 6.72472e-07 0.00202529 -0.0162705 -0.0152863 9.76045e-05 0.00355227 -0.000168619 -0.000159567 0.169623 0.00337633 -4.20249e-05 -1.92918e-16 0.0561085 0.00074453 -0.000215995 0.0476896 0.0153137 -0.0662613 -0.0398996 0.063472 -9.64439e-07 8.7219e-08 -1.84523e-16 -4.46743e-20 9.45968e-10 0.124692 -6.57648e-05 1.25224e-06 1.13946e-26 -9.30263e-07 -0.000194321 -1.87368e-06 8.89588e-15 -0.0035147 -1.63447e-08 -4.00454e-05 4.0955e-05 -6.46201e-18 8.0115e-05 -0.000118036 -0.000468414 0.000215466 4.98283e-10 0.0536689 -0.00095021 -2.91966e-05 -6.39935e-05 -0.00104997 -6.51769e-15 3.18666e-10 6.62764e-10 -7.86711e-09 0.00664095 0.00849681 

network 2 1000
edges0
21 41 21 38 41 21 21 41 38 217 38 217 41 225 21 38 217 41 225 21 264 264 21 224 41 225 217 38 225 41 21 224 217 38 264 74 217 36 38 225 224 264 41 21 74 224 264 251 38 225 41 217 74 36 21 21 36 217 74 224 49 41 264 225 38 251 251 220 21 49 74 264 21 36 74 220 217 225 251 41 49 224 136 38 224 21 41 49 251 38 220 264 74 268 36 225 217 136 224 38 21 49 268 220 217 74 264 299 264 225 217 74 49 36 62 299 251 220 41 38 136 224 268 21 136 217 236 268 225 74 251 220 217 236 36 74 268 225 126 62 38 136 21 251 224 36 217 21 74 41 236 268 220 264 38 251 144 264 239 225 21 236 251 38 299 217 41 236 139 251 225 264 268 224 74 21 236 251 299 217 49 239 136 220 264 236 139 144 41 251 36 21 239 49 224 217 62 38 236 139 74 268 251 285 220 21 49 264 41 136 36 299 217 139 144 36 220 38 41 126 299 224 217 264 217 251 225 62 236 285 21 41 254 139 220 41 49 235 224 268 220 38 299 217 236 285 16 7 139 225 239 251 220 235 144 299 268 36 41 74 236 36 285 62 217 139 21 235 299 264 268 251 21 217 18 38 299 232 235 225 3 38 251 285 74 41 136 36 299 126 18 239 285 235 220 49 217 16 62 7 232 239 136 268 38 235 7 239 225 271 235 62 49 126 144 251 18 217 38 139 251 271 254 285 225 62 50 235 136 16 126 224 49 16 251 144 7 21 285 225 142 239 41 18 74 127 225 236 268 74 139 224 285 285 50 41 217 236 264 144 49 56 220 38 264 7 299 18 235 50 3 21 137 144 264 236 235 36 221 62 93 217 16 225 49 220 224 217 268 235 232 49 15 127 41 254 268 126 38 165 204 220 221 264 56 127 36 285 15 271 24 224 74 7 49 165 220 225 271 62 239 49 221 127 268 217 47 235 254 217 232 50 268 224 285 60 56 74 225 49 127 239 41 144 254 204 236 74 49 285 136 126 217 220 225 239 251 36 224 70 3 236 271 217 268 49 21 70 49 220 139 7 74 224 264 225 24 235 225 217 239 3 170 38 232 220 113 254 268 21 165 65 137 224 170 74 217 220 239 181 60 236 268 49 136 225 239 285 224 41 113 93 239 38 181 235 49 232 217 93 279 271 21 217 74 220 142 264 126 38 221 285 15 165 62 217 254 49 251 224 139 236 239 74 225 16 18 251 74 217 142 136 254 137 93 285 24 204 235 153 3 268 36 254 225 279 235 224 220 165 15 181 170 239 47 142 221 220 279 285 235 225 50 285 220 126 93 38 251 137 216 74 65 93 254 225 126 36 195 285 268 70 56 204 21 285 74 126 271 38 74 285 217 144 299 270 70 165 236 7 70 235 127 41 21 144 216 239 62 270 144 235 49 280 268 153 36 49 254 204 236 153 74 280 299 165 232 74 224 16 216 136 280 109 299 225 15 7 285 165 204 24 224 36 137 50 184 185 153 126 165 152 235 18 181 251 74 232 225 3 50 268 204 16 254 49 127 49 204 62 221 236 235 24 216 268 38 299 74 109 13 185 21 239 152 7 165 70 41 236 217 76 144 264 293 217 15 280 74 170 268 280 136 264 204 254 217 126 18 264 185 217 220 74 165 113 268 38 221 285 62 251 127 113 239 81 93 21 26 60 113 232 173 16 293 41 264 74 65 280 49 137 217 153 165 93 232 254 271 144 213 225 142 107 285 113 74 13 236 204 62 38 7 137 29 139 144 239 254 21 18 38 268 139 259 173 3 293 36 113 136 139 211 74 239 13 173 170 69 38 109 224 225 217 268 16 271 137 216 299 62 144 18 217 142 224 251 165 280 213 139 225 254 15 81 74 16 21 126 3 74 251 219 49 48 142 268 239 29 235 184 270 153 29 179 70 93 285 50 38 81 76 221 220 264 239 236 49 26 38 219 165 144 36 219 74 271 18 217 170 165 184 216 23 152 247 268 293 41 15 47 220 74 264 232 62 268 56 195 270 82 223 21 26 280 299 239 83 13 131 299 217 206 204 268 225 170 211 7 251 74 7 23 254 126 264 38 81 65 38 285 195 139 181 216 16 268 65 109 81 220 29 36 235 49 18 239 38 153 49 221 142 76 299 81 56 13 268 113 74 280 270 219 268 264 217 152 285 211 206 190 126 29 192 82 251 165 74 16 221 204 271 236 144 81 38 3 217 213 137 225 165 152 60 220 21 131 81 144 13 
edges1
41 38 38 217 217 217 225 225 225 225 264 264 264 264 264 224 224 224 224 224 224 74 74 74 74 74 74 74 36 36 36 36 36 36 36 36 251 251 251 251 251 251 251 251 251 49 49 49 49 49 49 49 49 49 49 220 220 220 220 220 220 220 220 220 220 220 136 136 136 136 136 268 268 268 268 268 268 268 268 268 268 268 268 268 299 299 299 299 299 299 299 299 299 299 299 299 299 299 62 62 62 62 62 62 62 62 62 62 236 236 236 236 236 236 236 236 236 236 236 236 236 236 236 236 126 126 126 126 126 126 126 126 144 144 144 144 144 144 144 144 144 144 144 144 144 239 239 239 239 239 239 239 239 239 239 239 139 139 139 139 139 139 139 139 139 254 254 254 254 254 254 7 7 7 7 7 7 7 7 7 7 7 285 285 285 285 285 285 285 285 285 285 285 285 285 285 285 285 235 235 235 235 235 235 235 235 235 235 235 235 235 235 235 16 16 16 16 16 16 16 16 16 16 127 127 127 127 127 127 127 127 127 127 127 127 232 232 232 232 232 232 232 232 232 232 232 232 18 18 18 18 18 18 18 18 18 18 18 3 3 3 3 3 3 3 3 3 3 3 3 3 56 56 56 56 56 56 56 56 56 56 271 271 271 271 271 271 271 271 271 271 142 142 142 142 142 142 142 15 15 15 15 15 15 15 15 50 50 50 50 50 50 50 50 50 50 50 50 50 221 221 221 221 221 221 221 221 221 221 221 221 93 93 93 93 93 93 93 93 93 93 93 93 93 93 137 137 137 137 137 137 137 137 165 165 165 165 165 165 165 165 165 165 279 279 279 279 279 279 279 279 279 279 279 204 204 204 204 204 204 204 204 204 204 204 204 47 47 47 47 47 47 47 24 24 24 24 24 24 24 24 24 24 70 70 70 70 70 70 70 70 70 60 60 60 60 60 60 60 76 76 76 76 76 76 76 76 81 81 81 81 81 81 81 81 81 81 81 81 81 113 113 113 113 113 113 113 113 113 113 113 113 113 113 113 170 170 170 170 170 170 170 170 170 170 170 65 65 65 65 65 65 65 65 65 65 65 181 181 181 181 181 181 181 181 181 181 181 181 181 181 181 181 181 280 280 280 280 280 280 280 280 280 48 48 48 48 48 48 48 185 185 185 185 185 185 185 185 185 153 153 153 153 153 153 153 153 153 153 153 153 153 153 195 195 195 195 195 195 195 195 195 195 195 195 195 216 216 216 216 216 216 216 216 216 216 216 216 216 270 270 270 270 270 270 270 270 270 270 270 270 270 270 270 84 84 84 84 84 84 26 26 26 26 26 26 26 26 26 26 152 152 152 152 152 152 152 152 152 152 152 192 192 192 192 192 192 192 192 109 109 109 109 109 109 109 109 109 184 184 184 184 184 184 184 184 83 83 83 83 83 83 83 83 83 83 213 213 213 213 213 213 213 213 213 213 213 69 69 69 69 69 69 69 259 259 259 259 259 259 259 259 13 13 13 13 13 13 13 13 13 13 13 13 13 13 107 107 107 107 107 107 107 107 107 107 107 179 179 179 179 179 179 179 179 179 179 179 179 293 293 293 293 293 293 293 293 293 293 293 293 164 164 164 164 164 164 164 164 164 131 131 131 131 131 131 131 131 131 54 54 54 54 54 54 54 173 173 173 173 173 173 173 173 173 173 173 173 173 29 29 29 29 29 29 29 29 29 29 29 29 29 29 29 110 110 110 110 110 110 206 206 206 206 206 206 206 206 211 211 211 211 211 211 211 211 211 211 228 228 228 228 228 228 228 219 219 219 219 219 219 219 219 219 219 219 180 180 180 180 180 180 180 180 180 180 180 118 118 118 118 118 118 118 118 23 23 23 23 23 23 23 23 23 23 23 23 199 199 199 199 199 199 199 199 199 199 199 199 199 159 159 159 159 159 159 159 159 159 159 159 159 159 223 223 223 223 223 223 223 223 223 223 223 247 247 247 247 247 247 247 247 247 247 82 82 82 82 82 82 82 82 82 82 31 31 31 31 31 202 202 202 202 202 202 202 202 202 233 233 233 233 233 233 233 233 233 233 233 233 233 265 265 265 265 265 265 265 265 190 190 190 190 190 190 190 190 190 190 190 190 190 190 190 46 46 46 46 46 258 258 258 258 258 258 258 258 258 258 258 258 172 172 172 172 172 172 172 172 172 172 172 246 246 246 246 246 246 246 246 246 246 246 246 246 246 120 120 120 120 120 120 120 120 120 120 120 120 120 120 
weights
4.58327e-06 0.00349401 0.000271584 -5.65798e-08 0.00377319 2.7015e-15 7.29001e-06 0.000858096 5.86682e-05 0.0318353 -0.000147918 -1.65775e-10 -0.000481635 -0.00222633 -0.000356718 -3.78283e-06 0.0177936 -7.66735e-08 -0.0368619 0.000560793 1.33209e-07 0.000105593 0.00256506 -0.000601054 -3.26982e-08 -1.44479e-11 3.21602e-07 3.19557e-05 0.00254255 -0.00891162 -0.000167433 9.99456e-09 -0.0123853 -0.000370707 0.000127643 3.95447e-09 -0.0105544 -4.83021e-10 -3.01103e-08 -2.59837e-05 1.19485e-15 0.00727434 0.0320322 6.8083e-05 -1.39485e-05 1.59166e-06 1.38526e-06 0.0102037 -0.000197437 -2.01178e-11 0.0156054 -1.33946e-11 -4.42052e-11 1.3206e-05 0.000247714 0.0180675 1.60328e-11 0.0156606 8.56392e-08 -0.000290929 0.000549673 -1.80612e-05 -7.46005e-05 0.000420848 8.19639e-07 2.3964e-05 -5.56547e-19 3.66662e-08 -0.0120526 -1.61462e-07 -0.00122518 -0.0118065 -3.39406e-05 3.23299e-08 0.000165517 0.0118913 -2.18313e-08 0.00714709 -1.16188e-06 -0.0142448 0.000298985 0.00281418 0.00432416 1.73364e-08 4.10763e-10 2.88257e-05 0.000243884 -1.74466e-12 6.5579e-06 -1.33281e-06 0.0001076 -5.66578e-07 -0.0022912 -5.87449e-13 3.49738e-11 7.73681e-07 -0.00022322 0.000379739 -0.00705961 4.81606e-05 0.000628485 -5.53508e-05 -5.73469e-05 -0.0543433 2.50051e-12 -0.0212026 -0.00112084 -0.00856527 2.58016e-10 -0.000154503 0.00168712 -0.000265206 0.000303565 0.00165224 -0.0142792 1.91086e-09 -6.26966e-14 0.0245036 -2.61025e-16 3.41702e-06 3.65406e-09 1.8574e-06 -0.00382338 -0.000123937 -0.021309 0.000261615 0.009078 -5.13371e-08 -0.0389516 -2.47075e-13 -1.36256e-07 -1.69782e-05 -0.00347684 0.000191773 -6.07656e-06 -0.0532106 0.0013392 -1.26809e-10 0.0019467 0.000375592 -0.010513 0.00331972 -9.21618e-07 -5.62829e-08 -0.0033772 -0.000505944 0.0124622 -2.47824e-07 5.178e-09 -0.000293572 1.72092e-07 -3.20292e-05 0.00580788 4.46116e-06 -2.5482e-09 -1.99375e-05 -2.76635e-05 0.000570491 -8.66283e-06 0.00340123 5.30236e-06 -6.86978e-05 0.000499988 0.00228129 -0.0018072 -0.00718226 2.04361e-24 0.000137615 1.60707e-08 0.00129836 -1.6721e-09 -5.45186e-10 0.0131982 -7.46265e-07 0.00420281 2.22017e-08 0.00750168 5.54653e-09 -2.04884e-07 0.00107336 -0.11061 -0.000594755 -0.0017402 -3.06068e-05 0.00113527 -3.01585e-05 7.6766e-08 -4.72319e-06 -0.000439699 0.000123724 -1.95484e-11 -0.0127632 -0.000478537 6.92116e-05 1.18618e-06 3.96326e-05 -1.31258e-13 -0.000834529 -0.13268 -0.000869158 -0.00755931 0.00144868 5.09675e-05 -7.756e-07 1.1863e-06 0.000163044 2.15471e-06 7.75422e-11 1.16915e-09 9.58386e-13 -0.00368842 -0.261888 -9.83219e-06 -0.00825996 1.76735e-05 2.0812e-12 0.00243639 -7.66046e-09 -0.000193777 1.56654e-13 -0.0267563 0.0237191 0.0241397 0.00397693 1.52468e-05 0.00304068 -1.1435e-08 0.031375 -0.00237609 -0.0674472 -7.89185e-15 -0.0239981 -6.06912e-05 -1.15162e-05 -0.000613047 0.00734859 -0.000325761 -0.00533317 -0.00321951 7.80781e-15 0.00014955 -0.00161911 -0.0102957 -6.39013e-07 0.0327807 -1.7639e-10 -0.0023128 2.54784e-14 -0.0113332 0.00719324 1.27076e-05 -8.32096e-05 1.41354e-05 -0.0164517 1.49523e-08 6.91575e-08 0.00301302 0.00343286 -0.0477117 0.0156024 0.0186591 -0.00998463 -0.000588286 7.98208e-05 5.78315e-05 1.40035e-05 -0.00393537 2.20221e-07 5.02677e-06 -0.000411598 0.0377784 -7.82003e-08 2.4409e-07 -0.00540758 -1.3842e-05 0.0013502 0.0165623 -9.39172e-05 9.98463e-06 4.19292e-12 -0.00907781 1.846e-07 -0.0214354 -6.2429e-05 -2.28061e-08 -5.99311e-10 -9.58072e-06 -1.25123e-10 -0.00587968 1.75793e-10 1.25482e-05 -0.00639806 -0.000402562 -0.00164728 -0.0178793 -2.65003e-06 1.13095e-07 0.00546536 2.77854e-09 -3.79086e-07 0.0123077 -1.0343e-05 0.00337283 0.0026425 1.80384e-07 -0.0340599 0.000317266 -0.0108057 -2.56839e-05 6.60647e-05 0.000816309 7.55193e-24 -9.28257e-05 2.92544e-08 0.0002223 2.27779e-05 3.10942e-10 0.0239036 1.39829e-09 -0.0422201 0.0271538 1.04734e-08 -1.98319e-05 -0.00122418 -0.00139813 2.57722e-12 0.0171078 3.00503e-11 -1.43663e-07 -0.0310941 -0.000497462 2.07526e-05 0.00214968 -0.036486 0.0144082 -0.000765015 -7.09383e-06 -9.03098e-06 0.00244198 5.37189e-06 -0.00115136 0.0141896 -8.84875e-05 1.20903e-05 -1.39153e-06 0.000217117 0.00615945 1.78203e-10 8.78857e-05 -0.0173251 -0.0853455 -0.000160191 -2.92466e-05 0.0520023 -1.11748e-05 -2.61063e-09 0.000416522 0.0165504 5.36411e-13 -0.0171719 -2.43974e-05 -0.030857 0.000158584 1.0867e-05 0.0199756 0.000143556 5.01326e-06 0.00994348 0.0143255 0.00234507 -3.08543e-06 9.0857e-08 -4.11811e-11 -2.35794e-06 -0.000387835 -0.102834 0.0478884 5.03546e-06 -0.0092247 -0.00101579 0.00284557 3.11789e-08 -0.00558217 -0.00168464 0.00019258 0.00117009 -3.63436e-06 1.34569e-16 3.25353e-05 0.00118114 -2.47298e-08 1.91733e-08 0.00232556 -0.0201878 -0.0193589 -0.00322684 -0.00697995 0.0273095 -3.75598e-06 0.000101229 -0.116952 -4.93712e-06 -7.51655e-06 -4.59428e-08 6.25998e-07 0.00494537 0.0117006 7.84637e-07 6.54544e-31 -1.3532e-08 2.95606e-07 -0.000553605 0.0406468 -1.61375e-05 9.27331e-06 3.36111e-14 -0.0469441 8.05021e-06 -8.74275e-12 9.21482e-05 0.0211888 -0.000686424 6.3549e-05 0.0522655 1.83517e-05 2.08928e-08 -0.0260434 -7.49988e-09 -0.00746818 -1.49683e-23 -0.00220441 -0.00150572 1.85024e-12 0.00912534 -1.34279e-06 0.00158622 0.0232434 -0.02486 -4.91481e-10 0.00974848 -0.000661725 0.00431909 8.0281e-13 -6.88545e-12 -1.81843e-09 -6.13409e-05 0.0285734 -0.00189933 -0.0614816 -8.95624e-11 -8.7877e-08 0.00231606 0.00216131 0.0118296 -1.0673e-05 -0.020834 7.6744e-05 2.22833e-05 0.01047 0.200958 6.69986e-06 0.00202741 -5.08089e-09 0.000149856 0.00414961 4.22989e-07 0.000149277 0.0002544 -5.3379e-07 0.00880615 0.0192001 -6.30509e-06 0.000697221 -0.000225427 0.000335311 -1.23122e-11 -7.33852e-22 0.00570792 5.24263e-09 0.00738845 0.142192 0.0394581 4.87191e-07 2.37468e-07 -0.0292038 2.17551e-06 1.35228e-09 -6.40324e-09 -1.29583e-10 2.60895e-06 -6.95352e-08 0.000127065 1.07562e-08 0.0039952 8.16291e-09 0.0016082 -8.45677e-06 0.0130218 0.0010469 -8.91051e-05 0.0286953 4.46998e-06 0.00282031 -0.000176476 2.08858e-07 -0.000104193 2.87474e-12 0.0166752 1.20479e-07 0.0245772 -0.00302129 -7.23712e-09 -0.00539409 -0.00268541 3.3441e-08 1.01328e-05 -1.6176e-09 0.00735905 5.32568e-08 0.000380446 0.0277331 -0.0408539 3.16544e-07 -1.45946e-12 1.15264e-05 2.39794e-06 0.00322248 1.55063e-13 0.010339 5.36854e-06 1.40177e-05 -0.00440715 1.20503e-05 0.0284044 -6.57989e-08 -0.0161942 1.36614e-15 -0.0305617 0.0315978 0.0123349 1.45262e-05 0.000614775 -0.00272159 0.00215693 3.23085e-06 9.09874e-07 6.54348e-05 -1.10446e-07 1.61908e-18 -0.0141264 1.18698e-06 3.26459e-07 0.0336519 -0.250455 -3.59983e-11 0.0278117 -5.7411e-10 -9.65931e-11 2.81105e-06 0.000119688 0.00636897 0.00672438 0.0277949 0.00116065 0.00195428 -1.10685e-08 -0.260468 2.01505e-09 2.28477e-06 0.00371085 -4.35597e-14 -4.77011e-08 0.00953494 0.00199255 -1.98279e-14 0.000208851 7.24647e-08 -0.0341143 -1.48623e-06 0.00351072 2.44342e-11 -1.49598e-06 -3.50038e-05 0.0139684 -0.000226515 0.00118412 -0.000148772 0.0124432 -2.15768e-09 2.50084e-06 0.000437481 0.00013411 -0.13565 0.0119276 0.00714384 2.64732e-10 -0.00855515 0.0419895 -1.02204e-06 -3.91002e-11 -0.00100241 -0.00430095 -5.75326e-07 -0.003316 -0.0330807 -1.04e-05 -0.000886821 -4.55232e-10 -0.10069 7.1282e-05 -0.00843803 -0.000155611 -9.33371e-08 0.0260067 -0.000153508 1.34621e-13 -0.0134469 -0.00362557 0.0113461 1.12842e-07 -8.67592e-14 -0.0537235 -1.85001e-06 -0.0236419 0.000403842 4.91557e-06 0.000109262 -1.56696e-08 0.0101412 0.0471237 0.00403733 -0.000612858 -3.64155e-07 0.0409363 0.000772777 8.89765e-15 1.06284e-06 -0.00575901 -3.22041e-05 -3.69093e-05 -6.50821e-07 -2.46187e-08 -0.000307705 -0.0172075 -4.26642e-05 0.000157446 1.44287e-18 1.70464e-07 0.0128186 1.21009e-06 0.0105232 -1.94357e-07 1.40954e-14 0.168307 -0.000550374 8.16167e-07 7.14797e-05 0.00106839 6.07047e-08 0.00275019 0.0176694 5.27324e-06 0.000460174 -1.00998e-05 -1.20532e-07 -2.91262e-06 3.40472e-06 7.97089e-08 1.73306e-16 0.0179656 3.77322e-05 2.40603e-05 0.0502394 -8.27599e-08 0.00756522 5.55855e-07 -0.0385833 -3.86683e-05 3.54219e-07 6.9274e-07 0.000877477 -0.0866887 0.000751875 -0.0698542 -2.86655e-13 -2.88758e-05 4.29546e-11 -2.70141e-05 0.00049995 -1.98e-07 -0.00177564 0.000154838 -7.8842e-05 -0.00100194 0.00121331 -1.41131e-07 -2.01639e-14 -0.0106406 0.000449956 -3.98235e-06 0.0263949 -4.90788e-08 4.9151e-09 -2.14653e-06 3.03283e-06 0.000758622 0.00024114 -0.000902305 -0.0733257 0.000454767 -1.32768e-05 5.80965e-09 4.16494e-09 0.0347687 3.46652e-14 6.46819e-07 0.0840648 -0.136744 2.74217e-09 3.78272e-08 7.56993e-05 -0.00546942 0.0199444 9.9444e-10 0.000602169 -0.000228843 -0.0184753 -0.00104762 0.103644 -8.81886e-15 -9.55115e-06 7.00425e-05 -0.00393575 0.00137504 0.00602632 -4.98626e-07 0.0404172 -7.93231e-09 3.59654e-09 -0.00203834 0.00643599 0.000594131 0.00805002 0.00290252 -0.00873079 0.0372826 0.034597 0.011369 3.93358e-16 2.58855e-05 1.97781e-07 -0.0151631 -2.16483e-17 9.79535e-05 -0.00659052 0.0123805 0.115945 0.000589311 5.86504e-09 -6.33057e-06 -1.47308e-15 -4.09251e-06 -0.000169487 2.41276e-07 8.40755e-12 6.11454e-12 -2.53304e-09 -6.52662e-09 -6.89052e-05 0.00517784 -1.18753e-05 -0.27557 0.00104404 4.31886e-05 -0.000627637 0.00771406 7.57069e-07 -5.09546e-05 -0.000203543 6.51742e-12 0.00267868 0.0534951 -3.77004e-06 -8.24798e-06 0.000332716 9.34045e-08 4.32165e-07 0.00105103 -0.000322436 -0.000130707 -3.78292e-09 0.00166471 3.83806e-05 -0.000172374 -0.166584 0.00011214 -0.000366259 1.20316e-13 -4.69375e-06 -0.000257141 1.36507e-08 0.00418826 0.0658584 5.48434e-06 -1.2828e-09 -3.32212e-06 -0.0433998 -0.109097 -0.0723915 0.00776069 -1.62742e-07 -5.47479e-05 0.0233695 0.000849633 2.23954e-06 -6.36758e-05 -0.0113294 -0.0122989 -0.000184331 1.35511e-07 -1.16403e-08 4.73578e-05 -0.000456388 -8.58566e-22 0.0543404 -0.0193499 0.00609527 -9.85268e-09 2.34448e-16 7.38257e-06 2.84192e-08 3.99551e-06 0.00178186 0.00603296 0.0179557 -4.73561e-10 3.18153e-05 -1.4538e-05 -6.63347e-06 -0.000327028 4.65655e-06 0.000644001 1.04945e-05 0.000220112 -2.12607e-06 -0.0070762 -9.01134e-05 -1.07163e-05 -0.00705003 0.0024648 7.02925e-05 -0.000516122 -0.0664163 -0.000859147 2.41342e-10 0.0001082 -5.68335e-06 1.27533e-14 -0.258123 -0.000170263 0.000296925 -0.010021 -0.00587705 2.79896e-07 -0.0061228 7.77008e-08 9.4226e-05 -3.61076e-15 0.217625 6.26257e-11 -0.00794279 0.000681283 0.0012018 1.94825e-05 -0.0615977 2.9e-06 -7.99809e-05 -2.80739e-12 -0.0107118 -2.94727e-06 4.27058e-09 7.44742e-05 1.54314e-08 -0.0383574 0.0120713 0.00168444 -0.00109295 -0.00987022 0.0118023 -0.000332206 0.00349368 2.21038e-09 1.04349e-05 5.19424e-08 4.13935e-15 -0.0181596 -4.33523e-11 2.84734e-06 -7.06305e-06 -0.000475099 -0.0291331 0.00255158 7.06735e-05 -3.11505e-08 1.15201e-05 -3.78662e-06 -0.000204733 2.02106e-05 -2.75134e-06 -0.0212573 -0.00201618 0.00387031 1.47871e-06 1.26096e-11 -2.91374e-10 0.00760146 -6.66511e-20 -0.0331927 -0.00553192 0.00141617 0.00105414 0.398736 0.000102706 8.41028e-12 -9.058e-06 -3.97134e-42 6.86537e-07 -0.00476689 -5.68313e-06 -0.0867912 3.14815e-06 -6.23946e-06 -1.23219e-05 -0.00656796 6.53958e-05 -0.000624595 7.47009e-11 -0.00219126 -0.0545702 -0.0448212 4.86752e-07 -7.3607e-05 0.00339472 1.16038e-06 2.91171e-07 -0.0774001 -4.49683e-08 -0.000834448 -0.00371464 0.00900233 2.04758e-05 7.66776e-06 0.0131815 5.65867e-07 -8.554e-08 4.8377e-06 1.25688e-10 1.03506e-08 0.00962488 -0.000107695 -0.0300455 0.000535986 0.00926917 0.0402074 4.70636e-06 7.12925e-05 6.27356e-06 0.0469459 -9.78862e-07 0.000236415 -0.0150696 0.0075295 6.4565e-13 1.32912e-10 4.14151e-05 -0.0648918 -0.000491086 -0.00435025 0.00042942 -9.28276e-05 6.42783e-08 0.00924121 0.0183939 -2.75115e-07 1.70585e-13 -4.52222e-10 -0.0220184 -1.01012e-06 -4.1435e-05 -0.000506256 6.31002e-07 0.000457102 0.000318181 0.000137823 0.0305675 0.0101645 -6.13587e-09 0.00235667 5.16471e-09 -0.00259286 
